40|192|0|0|0|0|0|0|0|0|0|0|0|0|0|0|0|0|0|0|0|0|0|0|0|0|0|0|0|0|0|0|1|1|1|1|1;0|0|0|0|1|0
40|192|0|0|0|0|0|0|0|0|0|0|0|0|0|0|0|0|0|0|0|0|0|0|0|0|0|0|0|0|0|0|1|1|1|1|1;0|0|0|0|1|0
40|192|0|0|0|0|0|0|0|0|0|0|0|0|0|0|0|0|0|0|0|0|0|0|0|0|0|0|0|0|0|0|1|1|1|1|1;0|0|0|0|1|0
40|192|0|0|0|0|0|0|0|0|0|0|0|0|0|0|0|0|0|0|0|0|0|0|0|0|0|0|0|0|0|0|1|1|1|1|1;0|0|0|0|0|0
40|192|0|0|0|0|0|0|0|0|0|0|0|0|0|0|0|0|0|0|0|0|0|0|0|0|0|0|0|0|0|0|1|1|1|1|1;0|0|0|0|0|0
40|192|0|0|0|0|0|0|0|0|0|0|0|0|0|0|0|0|0|0|0|0|0|0|0|0|0|0|0|0|0|0|1|1|1|1|1;0|0|0|0|0|0
40|192|0|0|0|0|0|0|0|0|0|0|0|0|0|0|0|0|0|0|0|0|0|0|0|0|0|0|0|0|0|0|1|1|1|1|1;0|0|0|0|0|0
40|192|0|0|0|0|0|0|0|0|0|0|0|0|0|0|0|0|0|0|0|0|0|0|0|0|0|0|0|0|0|0|1|1|1|1|1;0|0|0|0|0|0
40|192|0|0|0|0|0|0|0|0|0|0|0|0|0|0|0|0|0|0|0|0|0|0|0|0|0|0|0|0|0|0|1|1|1|1|1;0|0|0|0|0|0
40|192|0|0|0|0|0|0|0|0|0|0|0|0|0|0|0|0|0|0|0|0|0|0|0|0|0|0|0|0|0|0|1|1|1|1|1;0|0|0|0|0|0
40|192|0|0|0|0|0|0|0|0|0|0|0|0|0|0|0|0|0|0|0|0|0|0|0|0|0|0|0|0|0|0|1|1|1|1|1;0|0|0|0|0|0
40|192|0|0|0|0|0|0|0|0|0|0|0|0|0|0|0|0|0|0|0|0|0|0|0|0|0|0|0|0|0|0|1|1|1|1|1;0|0|0|0|0|0
40|192|0|0|0|0|0|0|0|0|0|0|0|0|0|0|0|0|0|0|0|0|0|0|0|0|0|0|0|0|0|0|1|1|1|1|1;0|0|0|0|0|0
40|192|0|0|0|0|0|0|0|0|0|0|0|0|0|0|0|0|0|0|0|0|0|0|0|0|0|0|0|0|0|0|1|1|1|1|1;0|0|0|0|0|0
40|192|0|0|0|0|0|0|0|0|0|0|0|0|0|0|0|0|0|0|0|0|0|0|0|0|0|0|0|0|0|0|1|1|1|1|1;0|0|0|0|0|0
40|192|0|0|0|0|0|0|0|0|0|0|0|0|0|0|0|0|0|0|0|0|0|0|0|0|0|0|0|0|0|0|1|1|1|1|1;0|0|0|0|0|0
40|192|0|0|0|0|0|0|0|0|0|0|0|0|0|0|0|0|0|0|0|0|0|0|0|0|0|0|0|0|0|0|1|1|1|1|1;0|0|0|0|1|0
40|192|0|0|0|0|0|0|0|0|0|0|0|0|0|0|0|0|0|0|0|0|0|0|0|0|0|0|0|0|0|0|1|1|1|1|1;0|0|0|0|1|0
40|192|0|0|0|0|0|0|0|0|0|0|0|0|0|0|0|0|0|0|0|0|0|0|0|0|0|0|0|0|0|0|1|1|1|1|1;0|0|0|0|1|0
41|192|0|0|0|0|0|0|0|0|0|0|0|0|0|0|0|0|0|0|0|0|0|0|0|0|0|0|0|0|0|0|1|1|1|1|1;0|0|0|0|1|0
41|192|0|0|0|0|0|0|0|0|0|0|0|0|0|0|0|0|0|0|0|0|0|0|0|0|0|0|0|0|0|0|1|1|1|1|1;0|0|0|0|1|0
41|192|0|0|0|0|0|0|0|0|0|0|0|0|0|0|0|0|0|0|0|0|0|0|0|0|0|0|0|0|0|0|1|1|1|1|1;0|0|0|0|1|0
41|192|0|0|0|0|0|0|0|0|0|0|0|0|0|0|0|0|0|0|0|0|0|0|0|0|0|0|0|0|0|0|1|1|1|1|1;0|0|0|0|1|0
42|192|0|0|0|0|0|0|0|0|0|0|0|0|0|0|0|0|0|0|0|0|0|0|0|0|0|0|0|0|0|0|1|1|1|1|1;0|0|0|0|1|0
42|192|0|0|0|0|0|0|0|0|0|0|0|0|0|0|0|0|0|0|0|0|0|0|0|0|0|0|0|0|0|0|1|1|1|1|1;0|0|0|0|1|0
42|192|0|0|0|0|0|0|0|0|0|0|0|0|0|0|0|0|0|0|0|0|0|0|0|0|0|0|0|0|0|0|1|1|1|1|1;0|0|0|0|1|0
43|192|0|0|0|0|0|0|0|0|0|0|0|0|0|0|0|0|0|0|0|0|0|0|0|0|0|0|0|0|0|0|1|1|1|1|1;0|0|0|0|1|0
43|192|0|0|0|0|0|0|0|0|0|0|0|0|0|0|0|0|0|0|0|0|0|0|0|0|0|0|0|0|0|0|1|1|1|1|1;0|0|0|0|1|0
44|192|0|0|0|0|0|0|0|0|0|0|0|0|0|0|0|0|0|0|0|0|0|0|0|0|0|0|0|0|0|0|1|1|1|1|1;0|0|0|0|1|0
44|192|0|0|0|0|0|0|0|0|0|0|0|0|0|0|0|0|0|0|0|0|0|0|0|0|0|0|0|0|0|0|1|1|1|1|1;0|0|0|0|1|0
45|192|0|0|0|0|0|0|0|0|0|0|0|0|0|0|0|0|0|0|0|0|0|0|0|0|0|0|0|0|0|0|1|1|1|1|1;0|0|0|0|1|0
45|192|0|0|0|0|0|0|0|0|0|0|0|0|0|0|0|0|0|0|0|0|0|0|0|0|0|0|0|0|0|0|1|1|1|1|1;0|0|0|0|1|0
46|192|0|0|0|0|0|0|0|0|0|0|0|0|0|0|0|0|0|0|0|0|0|0|0|0|0|0|0|0|0|0|1|1|1|1|1;0|0|0|0|1|0
47|192|0|0|0|0|0|0|0|0|0|0|0|0|0|0|0|0|0|0|0|0|0|0|0|0|0|0|0|0|0|0|1|1|1|1|1;0|0|0|0|1|0
47|192|0|0|0|0|0|0|0|0|0|0|0|0|0|0|0|0|0|0|0|0|0|0|0|0|0|0|0|0|0|0|1|1|1|1|1;0|0|0|0|1|0
48|192|0|0|0|0|0|0|0|0|0|0|0|0|0|0|0|0|0|0|0|0|0|0|0|0|0|0|0|0|0|0|1|1|1|1|1;0|0|0|0|1|0
49|192|0|0|0|0|0|0|0|0|0|0|0|0|0|0|0|0|0|0|0|0|0|0|0|0|0|0|0|0|0|0|1|1|1|1|1;0|0|0|0|1|0
50|192|0|0|0|0|0|0|0|0|0|0|0|0|0|0|0|0|0|0|0|0|0|0|0|0|0|0|0|0|0|0|1|1|1|1|1;0|0|0|0|1|0
51|192|0|0|0|0|0|0|0|0|0|0|0|0|0|0|0|0|0|0|0|0|0|0|0|0|0|0|0|0|0|0|1|1|1|1|1;0|0|0|0|1|0
51|192|0|0|0|0|0|0|0|0|0|0|0|0|0|0|0|0|0|0|0|0|0|0|0|0|0|0|0|0|0|0|1|1|1|1|1;0|0|0|0|1|0
52|192|0|0|0|0|0|0|0|0|0|0|0|0|0|0|0|0|0|0|0|0|0|0|0|0|0|0|0|0|0|0|1|1|1|1|1;0|0|0|0|1|0
53|192|0|0|0|0|0|0|0|0|0|0|0|0|0|0|0|0|0|0|0|0|0|0|0|0|0|0|0|0|0|0|1|1|1|1|1;0|0|0|0|1|0
54|192|0|0|0|0|0|0|0|0|0|0|0|0|0|0|0|0|0|0|0|0|0|0|0|0|0|0|0|0|0|0|1|1|1|1|1;0|0|0|0|1|0
55|192|0|0|0|0|0|0|0|0|0|0|0|0|0|0|0|0|0|0|0|0|0|0|0|0|0|0|0|0|0|0|1|1|1|1|1;0|0|0|0|1|0
56|192|0|0|0|0|0|0|0|0|0|0|0|0|0|0|0|0|0|0|0|0|0|0|0|0|0|0|0|0|0|0|1|1|1|1|1;0|0|0|0|1|0
58|192|0|0|0|0|0|0|0|0|0|0|0|0|0|0|0|0|0|0|0|0|0|0|0|0|0|0|0|0|0|0|1|1|1|1|1;0|0|0|0|1|0
59|192|0|0|0|0|0|0|0|0|0|0|0|0|0|0|0|0|0|0|0|0|0|0|0|0|0|0|0|0|0|0|1|1|1|1|1;0|0|0|0|1|0
60|192|0|0|0|0|0|0|0|0|0|0|0|0|0|0|0|0|0|0|0|0|0|0|0|0|0|0|0|0|0|0|1|1|1|1|1;0|0|0|0|1|0
61|192|0|0|0|0|0|0|0|0|0|0|0|0|0|0|0|0|0|0|0|0|0|0|0|0|0|0|0|0|0|0|1|1|1|1|1;0|0|0|0|1|0
62|192|0|0|0|0|0|0|0|0|0|0|0|0|0|0|0|0|0|0|0|0|0|0|0|0|0|0|0|0|0|0|1|1|1|1|1;0|0|0|0|1|0
64|192|0|0|0|0|0|0|0|0|0|0|0|0|0|0|0|0|0|0|0|0|0|0|0|0|0|0|0|0|0|0|1|1|1|1|1;0|0|0|0|1|0
65|192|0|0|0|0|0|0|0|0|0|0|0|0|0|0|0|0|0|0|0|0|0|0|0|0|0|0|0|0|0|0|1|1|1|1|1;0|0|0|0|1|0
66|192|0|0|0|0|0|0|0|0|0|0|0|0|0|0|0|0|0|0|0|0|0|0|0|0|0|0|0|0|0|0|1|1|1|1|1;0|0|0|0|1|0
68|192|0|0|0|0|0|0|0|0|0|0|0|0|0|0|0|0|0|0|0|0|0|0|0|0|0|0|0|0|0|0|1|1|1|1|1;0|0|0|0|1|0
69|192|0|0|0|0|0|0|0|0|0|0|0|0|0|0|0|0|0|0|0|0|0|0|0|0|0|0|0|0|0|0|1|1|1|1|1;0|0|0|0|1|0
71|192|0|0|0|0|0|0|0|0|0|0|0|0|0|0|0|0|0|0|0|0|0|0|0|0|0|0|0|0|0|0|1|1|1|1|1;0|0|0|0|1|0
72|192|0|0|0|0|0|0|0|0|0|0|0|0|0|0|0|0|0|0|0|0|0|0|0|0|0|0|0|0|0|0|1|1|1|1|1;0|0|0|0|1|0
74|192|0|0|0|0|0|0|0|0|0|0|0|0|0|0|0|0|0|0|0|0|0|0|0|0|0|0|0|0|0|0|1|1|1|1|1;0|0|0|0|1|0
75|192|0|0|0|0|0|0|0|0|0|0|0|0|0|0|0|0|0|0|0|0|0|0|0|0|0|0|0|0|0|0|1|1|1|1|1;0|0|0|0|1|0
77|192|0|0|0|0|0|0|0|0|0|0|0|0|0|0|0|0|0|0|0|0|0|0|0|0|0|0|0|0|0|0|1|1|1|1|1;0|0|0|0|1|0
78|192|0|0|0|0|0|0|0|0|0|0|0|0|0|0|0|0|0|0|0|0|0|0|0|0|0|0|0|0|0|0|1|1|1|1|1;0|0|0|0|1|0
80|192|0|0|0|0|0|0|0|0|0|0|0|0|0|0|0|0|0|0|0|0|0|0|0|0|0|0|0|0|0|0|1|1|1|1|1;0|0|0|0|1|0
81|192|0|0|0|0|0|0|0|0|0|0|0|0|0|0|0|0|0|0|0|0|0|0|0|0|0|0|0|0|0|0|1|1|1|1|1;0|0|0|0|1|0
83|192|0|0|0|0|0|0|0|0|0|0|0|0|0|0|0|0|0|0|0|0|0|0|0|0|0|0|0|0|0|0|1|1|1|1|1;0|0|0|0|1|0
84|192|0|0|0|0|0|0|0|0|0|0|0|0|0|0|0|0|0|0|0|0|0|0|0|0|0|0|0|0|0|0|1|1|1|1|1;0|0|0|0|1|0
86|192|0|0|0|0|0|0|0|0|0|0|0|0|0|0|0|0|0|0|0|0|0|0|0|0|0|0|0|0|0|0|1|1|1|1|1;0|0|0|0|1|0
87|192|0|0|0|0|0|0|0|0|0|0|0|0|0|0|0|0|0|0|0|0|0|0|0|0|0|0|0|0|0|0|1|1|1|1|1;0|0|0|0|1|0
89|192|0|0|0|0|0|0|0|0|0|0|0|0|0|0|0|0|0|0|0|0|0|0|0|0|0|0|0|0|0|0|1|1|1|1|1;0|0|0|0|1|0
90|192|0|0|0|0|0|0|0|0|0|0|0|0|0|0|0|0|0|0|0|0|0|0|0|0|0|0|0|0|0|0|1|1|1|1|1;0|0|0|0|1|0
92|192|0|0|0|0|0|0|0|0|0|0|0|0|0|0|0|0|0|0|0|0|0|0|0|0|0|0|0|0|0|0|1|1|1|1|1;0|0|0|0|1|0
93|192|0|0|0|0|0|0|0|0|0|0|0|0|0|0|0|0|0|0|0|0|0|0|0|0|0|0|0|0|0|0|1|1|1|1|1;0|0|0|0|1|0
95|192|0|0|0|0|0|0|0|0|0|0|0|0|0|0|0|0|0|0|0|0|0|0|0|0|0|0|0|0|0|0|1|1|1|1|1;0|0|0|0|1|0
96|192|0|0|0|0|0|0|0|0|0|0|0|0|0|0|0|0|0|0|0|0|0|0|0|0|0|0|0|0|0|0|1|1|1|1|1;0|0|0|0|1|0
98|192|0|0|0|0|0|0|0|0|0|0|0|0|0|0|0|0|0|0|0|0|0|0|0|0|0|0|0|0|0|0|1|1|1|1|1;0|0|0|0|1|0
99|192|0|0|0|0|0|0|0|0|0|0|0|0|0|0|0|0|0|0|0|0|0|0|0|0|0|0|0|0|0|0|1|1|1|1|1;0|0|0|0|1|0
101|192|0|0|0|0|0|0|0|0|0|0|0|0|0|0|0|0|0|0|0|0|0|0|0|0|0|0|0|0|0|0|1|1|1|1|1;0|0|0|0|1|0
102|192|0|0|0|0|0|0|0|0|0|0|0|0|0|0|0|0|0|0|0|0|0|0|0|0|0|0|0|0|0|0|1|1|1|1|1;0|0|0|0|1|0
104|192|0|0|0|0|0|0|0|0|0|0|0|0|0|0|0|0|0|0|0|0|0|0|0|0|0|0|0|0|0|0|1|1|1|1|1;0|0|0|0|1|0
105|192|0|0|0|0|0|0|0|0|0|0|0|0|0|0|0|0|0|0|0|0|0|0|0|0|0|0|0|0|0|0|1|1|1|1|1;0|0|0|0|1|0
107|192|0|0|0|0|0|0|0|0|0|0|0|0|0|0|0|0|0|0|0|0|0|0|0|0|0|0|0|0|0|0|1|1|1|1|1;0|0|0|0|1|0
108|192|0|0|0|0|0|0|0|0|0|0|0|0|0|0|0|0|0|0|0|0|0|0|0|0|0|0|0|0|0|0|1|1|1|1|1;0|0|0|0|1|0
110|192|0|0|0|0|0|0|0|0|0|0|0|0|0|0|0|0|0|0|0|0|0|0|0|0|0|0|0|0|0|0|1|1|1|1|1;0|0|0|0|1|0
111|192|0|0|0|0|0|0|0|0|0|0|0|0|0|0|0|0|0|0|0|0|0|0|0|0|0|0|0|0|0|0|1|1|1|1|1;0|0|0|0|1|0
113|192|0|0|0|0|0|0|0|0|0|0|0|0|0|0|0|0|0|0|0|0|0|0|0|0|0|0|0|0|0|0|1|1|1|1|1;0|0|0|0|1|0
114|192|0|0|0|0|0|0|0|0|0|0|0|0|0|0|0|0|0|0|0|0|0|0|0|0|0|0|0|0|0|0|1|1|1|1|1;0|0|0|0|1|0
116|192|0|0|0|0|0|0|0|0|0|0|0|0|0|0|0|0|0|0|0|0|0|0|0|0|0|0|0|0|0|0|1|1|1|1|1;0|0|0|0|1|0
117|192|0|0|0|0|0|0|0|0|0|0|0|0|0|0|0|0|0|0|0|0|0|0|0|0|0|0|0|0|0|0|1|1|1|1|1;0|0|0|0|1|0
119|192|0|0|0|0|0|0|0|0|0|0|0|0|0|0|0|0|0|0|0|0|0|0|0|0|0|0|0|0|0|0|1|1|1|1|1;0|0|0|0|1|0
120|192|0|0|0|0|0|0|0|0|0|0|0|0|0|0|0|0|0|0|0|0|0|0|0|0|0|0|0|0|0|0|1|1|1|1|1;0|0|0|0|1|0
122|192|0|0|0|0|0|0|0|0|0|0|0|0|0|0|0|0|0|0|0|0|0|0|0|0|0|0|0|0|0|0|1|1|1|1|1;0|0|0|0|1|0
123|192|0|0|0|0|0|0|0|0|0|0|0|0|0|0|0|0|0|0|0|0|0|0|0|0|0|0|0|0|0|0|1|1|1|1|1;0|0|0|0|1|0
125|192|0|0|0|0|0|0|0|0|0|0|0|0|0|0|0|0|0|0|0|0|0|0|0|0|0|0|0|0|0|0|1|1|1|1|1;0|0|0|0|1|0
126|192|0|0|0|0|0|0|0|0|0|0|0|0|0|0|0|0|0|0|0|0|0|0|0|0|0|0|0|0|0|0|1|1|1|1|1;0|0|0|0|1|0
128|192|0|0|0|0|0|0|0|0|0|0|0|0|0|0|0|0|0|0|0|0|0|0|0|0|0|0|0|0|0|0|1|1|1|1|1;0|0|0|0|1|0
129|192|0|0|0|0|0|0|0|0|0|0|0|0|0|0|0|0|0|0|0|0|0|0|0|0|0|0|0|0|0|0|1|1|1|1|1;0|0|0|0|1|0
131|192|0|0|0|0|0|0|0|0|0|0|0|0|0|0|0|0|0|0|0|0|0|0|0|0|0|0|0|0|0|0|1|1|1|1|1;0|0|0|0|1|0
132|192|0|0|0|0|0|0|0|0|0|0|0|0|0|0|0|0|0|0|0|0|0|0|0|0|0|0|0|0|0|0|1|1|1|1|1;0|0|0|0|1|0
134|192|0|0|0|0|0|0|0|0|0|0|0|0|0|0|0|0|0|0|0|0|0|0|0|0|0|0|0|0|0|0|1|1|1|1|1;0|0|0|0|1|0
135|192|0|0|0|0|0|0|0|0|0|0|0|0|0|0|0|0|0|0|0|0|0|0|0|0|0|0|0|0|0|0|1|1|1|1|1;0|0|0|0|1|0
137|192|0|0|0|0|0|0|0|0|0|0|0|0|0|0|0|0|0|0|0|0|0|0|0|0|0|0|0|0|0|0|1|1|1|1|1;0|0|0|0|1|0
138|192|0|0|0|0|0|0|0|0|0|0|0|0|0|0|0|0|0|0|0|0|0|0|0|0|0|0|0|0|0|0|1|1|1|1|1;0|0|0|0|1|0
140|192|0|0|0|0|0|0|0|0|0|0|0|0|0|0|0|0|0|0|0|0|0|0|0|0|0|0|0|0|0|0|1|1|1|1|1;0|0|0|0|1|0
141|192|0|0|0|0|0|0|0|0|0|0|0|0|0|0|0|0|0|0|0|0|0|0|0|0|0|0|0|0|0|0|1|1|1|1|1;0|0|0|0|1|0
143|192|0|0|0|0|0|0|0|0|0|0|0|0|0|0|0|0|0|0|0|0|0|0|0|0|0|0|0|0|0|0|1|1|1|1|1;0|0|0|0|1|0
144|192|0|0|0|0|0|0|0|0|0|0|0|0|0|0|0|0|0|0|0|0|0|0|0|0|0|0|0|0|0|0|1|1|1|1|1;0|0|0|0|1|0
146|192|0|0|0|0|0|0|0|0|0|0|0|0|0|0|0|0|0|0|0|0|0|0|0|0|0|0|0|0|0|0|1|1|1|1|1;0|0|0|0|1|0
147|192|0|0|0|0|0|0|0|0|0|0|0|0|0|0|0|0|0|0|0|0|0|0|0|0|0|0|0|0|0|0|1|1|1|1|1;0|0|0|0|1|0
149|192|0|0|0|0|0|0|0|0|0|0|0|0|0|0|0|0|0|0|0|0|0|0|0|0|0|0|0|0|0|0|1|1|1|1|1;0|0|0|0|1|0
150|192|0|0|0|0|0|0|0|0|0|0|0|0|0|0|0|0|0|0|0|0|0|0|0|0|0|0|0|0|0|0|1|1|1|1|1;0|0|0|0|1|0
152|192|0|0|0|0|0|0|0|0|0|0|0|0|0|0|0|0|0|0|0|0|0|0|0|0|0|0|0|0|0|0|1|1|1|1|1;0|0|0|0|1|0
153|192|352|192|0|0|0|0|0|0|0|0|0|0|0|0|0|0|0|0|0|0|0|0|0|0|0|0|0|0|0|0|1|1|1|1|1;0|0|0|0|1|0
155|192|351|192|0|0|0|0|0|0|0|0|0|0|0|0|0|0|0|0|0|0|0|0|0|0|0|0|0|0|0|0|1|1|1|1|1;0|0|0|0|1|0
156|192|351|192|0|0|0|0|0|0|0|0|0|0|0|0|0|0|0|0|0|0|0|0|0|0|0|0|0|0|0|0|1|1|1|1|1;0|0|0|0|1|0
158|192|350|192|0|0|0|0|0|0|0|0|0|0|0|0|0|0|0|0|0|0|0|0|0|0|0|0|0|0|0|0|1|1|1|1|1;0|0|0|0|1|0
159|192|350|192|0|0|0|0|0|0|0|0|0|0|0|0|0|0|0|0|0|0|0|0|0|0|0|0|0|0|0|0|1|1|1|1|1;0|0|0|0|1|0
161|192|349|192|0|0|0|0|0|0|0|0|0|0|0|0|0|0|0|0|0|0|0|0|0|0|0|0|0|0|0|0|1|1|1|1|1;0|0|0|0|1|0
162|192|349|192|0|0|0|0|0|0|0|0|0|0|0|0|0|0|0|0|0|0|0|0|0|0|0|0|0|0|0|0|1|1|1|1|1;0|0|0|0|1|0
164|192|348|192|0|0|0|0|0|0|0|0|0|0|0|0|0|0|0|0|0|0|0|0|0|0|0|0|0|0|0|0|1|1|1|1|1;0|0|0|0|1|0
165|192|348|192|0|0|0|0|0|0|0|0|0|0|0|0|0|0|0|0|0|0|0|0|0|0|0|0|0|0|0|0|1|1|1|1|1;0|0|0|0|1|0
167|192|347|192|0|0|0|0|0|0|0|0|0|0|0|0|0|0|0|0|0|0|0|0|0|0|0|0|0|0|0|0|1|1|1|1|1;0|0|0|0|1|0
168|192|347|192|0|0|0|0|0|0|0|0|0|0|0|0|0|0|0|0|0|0|0|0|0|0|0|0|0|0|0|0|1|1|1|1|1;0|0|0|0|1|0
170|192|346|192|0|0|0|0|0|0|0|0|0|0|0|0|0|0|0|0|0|0|0|0|0|0|0|0|0|0|0|0|1|1|1|1|1;0|0|0|0|1|0
171|192|346|192|0|0|0|0|0|0|0|0|0|0|0|0|0|0|0|0|0|0|0|0|0|0|0|0|0|0|0|0|1|1|1|1|1;0|0|0|0|1|0
173|192|345|192|0|0|0|0|0|0|0|0|0|0|0|0|0|0|0|0|0|0|0|0|0|0|0|0|0|0|0|0|1|1|1|1|1;0|0|0|0|1|0
174|192|345|192|0|0|0|0|0|0|0|0|0|0|0|0|0|0|0|0|0|0|0|0|0|0|0|0|0|0|0|0|1|1|1|1|1;0|0|0|0|1|0
176|192|344|192|0|0|0|0|0|0|0|0|0|0|0|0|0|0|0|0|0|0|0|0|0|0|0|0|0|0|0|0|1|1|1|1|1;0|0|0|0|1|0
177|192|344|192|0|0|0|0|0|0|0|0|0|0|0|0|0|0|0|0|0|0|0|0|0|0|0|0|0|0|0|0|1|1|1|1|1;0|0|0|0|1|0
179|192|343|192|0|0|0|0|0|0|0|0|0|0|0|0|0|0|0|0|0|0|0|0|0|0|0|0|0|0|0|0|1|1|1|1|1;0|0|0|0|1|0
180|192|343|192|0|0|0|0|0|0|0|0|0|0|0|0|0|0|0|0|0|0|0|0|0|0|0|0|0|0|0|0|1|1|1|1|1;0|0|0|0|1|0
182|192|342|192|0|0|0|0|0|0|0|0|0|0|0|0|0|0|0|0|0|0|0|0|0|0|0|0|0|0|0|0|1|1|1|1|1;0|0|0|0|1|0
183|192|342|192|0|0|0|0|0|0|0|0|0|0|0|0|0|0|0|0|0|0|0|0|0|0|0|0|0|0|0|0|1|1|1|1|1;0|0|0|0|1|0
185|192|341|192|0|0|0|0|0|0|0|0|0|0|0|0|0|0|0|0|0|0|0|0|0|0|0|0|0|0|0|0|1|1|1|1|1;0|0|0|0|1|0
186|192|341|192|0|0|0|0|0|0|0|0|0|0|0|0|0|0|0|0|0|0|0|0|0|0|0|0|0|0|0|0|1|1|1|1|1;0|0|0|0|1|0
188|192|340|192|0|0|0|0|0|0|0|0|0|0|0|0|0|0|0|0|0|0|0|0|0|0|0|0|0|0|0|0|1|1|1|1|1;0|0|0|0|1|0
189|192|340|192|0|0|0|0|0|0|0|0|0|0|0|0|0|0|0|0|0|0|0|0|0|0|0|0|0|0|0|0|1|1|1|1|1;0|0|0|0|1|0
191|192|339|192|0|0|0|0|0|0|0|0|0|0|0|0|0|0|0|0|0|0|0|0|0|0|0|0|0|0|0|0|1|1|1|1|1;0|0|0|0|1|0
192|192|339|192|0|0|0|0|0|0|0|0|0|0|0|0|0|0|0|0|0|0|0|0|0|0|0|0|0|0|0|0|1|1|1|1|1;0|0|0|0|1|0
194|192|338|192|0|0|0|0|0|0|0|0|0|0|0|0|0|0|0|0|0|0|0|0|0|0|0|0|0|0|0|0|1|1|1|1|1;0|0|0|0|1|0
195|192|338|192|0|0|0|0|0|0|0|0|0|0|0|0|0|0|0|0|0|0|0|0|0|0|0|0|0|0|0|0|1|1|1|1|1;0|0|0|0|1|0
197|192|337|192|0|0|0|0|0|0|0|0|0|0|0|0|0|0|0|0|0|0|0|0|0|0|0|0|0|0|0|0|1|1|1|1|1;0|0|0|0|1|0
198|192|337|192|0|0|0|0|0|0|0|0|0|0|0|0|0|0|0|0|0|0|0|0|0|0|0|0|0|0|0|0|1|1|1|1|1;0|0|0|0|1|0
200|192|336|192|0|0|0|0|0|0|0|0|0|0|0|0|0|0|0|0|0|0|0|0|0|0|0|0|0|0|0|0|1|1|1|1|1;0|0|0|0|1|0
201|192|336|192|0|0|0|0|0|0|0|0|0|0|0|0|0|0|0|0|0|0|0|0|0|0|0|0|0|0|0|0|1|1|1|1|1;0|0|0|0|1|0
203|192|335|192|0|0|0|0|0|0|0|0|0|0|0|0|0|0|0|0|0|0|0|0|0|0|0|0|0|0|0|0|1|1|1|1|1;0|0|0|0|1|0
204|192|335|192|0|0|0|0|0|0|0|0|0|0|0|0|0|0|0|0|0|0|0|0|0|0|0|0|0|0|0|0|1|1|1|1|1;0|0|0|0|1|0
206|192|334|192|0|0|0|0|0|0|0|0|0|0|0|0|0|0|0|0|0|0|0|0|0|0|0|0|0|0|0|0|1|1|1|1|1;0|0|0|0|1|0
207|192|334|192|0|0|0|0|0|0|0|0|0|0|0|0|0|0|0|0|0|0|0|0|0|0|0|0|0|0|0|0|1|1|1|1|1;0|0|0|0|1|0
209|192|333|192|0|0|0|0|0|0|0|0|0|0|0|0|0|0|0|0|0|0|0|0|0|0|0|0|0|0|0|0|1|1|1|1|1;0|0|0|0|1|0
210|192|333|192|0|0|0|0|0|0|0|0|0|0|0|0|0|0|0|0|0|0|0|0|0|0|0|0|0|0|0|0|1|1|1|1|1;0|0|0|0|1|0
212|192|332|192|0|0|0|0|0|0|0|0|0|0|0|0|0|0|0|0|0|0|0|0|0|0|0|0|0|0|0|0|1|1|1|1|1;0|0|0|0|1|0
213|192|332|192|0|0|0|0|0|0|0|0|0|0|0|0|0|0|0|0|0|0|0|0|0|0|0|0|0|0|0|0|1|1|1|1|1;0|0|0|0|1|0
215|192|331|192|0|0|0|0|0|0|0|0|0|0|0|0|0|0|0|0|0|0|0|0|0|0|0|0|0|0|0|0|1|1|1|1|1;0|0|0|0|1|0
216|192|331|192|0|0|0|0|0|0|0|0|0|0|0|0|1|0|0|0|0|0|0|0|0|0|0|0|0|0|0|0|1|1|1|1|1;0|0|0|0|1|0
218|192|330|192|0|0|0|0|0|0|0|0|0|0|0|0|1|0|0|0|0|0|0|0|0|0|0|0|0|0|0|0|1|1|1|1|1;0|0|0|0|1|0
219|192|330|192|0|0|0|0|0|0|0|0|0|0|0|0|1|0|0|0|0|0|0|0|0|0|0|0|0|0|0|0|1|1|1|1|1;0|0|0|0|1|0
221|192|329|192|0|0|0|0|0|0|0|0|0|0|0|0|1|0|0|0|0|0|0|0|0|0|0|0|0|0|0|0|1|1|1|1|1;0|0|0|0|1|0
222|192|329|192|0|0|0|0|0|0|0|0|0|0|0|0|1|0|0|0|0|0|0|0|0|0|0|0|0|0|0|0|1|1|1|1|1;0|0|0|0|1|0
224|192|328|192|0|0|0|0|0|0|0|0|0|0|0|0|1|0|0|0|0|0|0|0|0|0|0|0|0|0|0|0|1|1|1|1|1;0|0|0|0|1|0
225|192|328|192|0|0|0|0|0|0|0|0|0|0|0|0|1|0|0|0|0|0|0|0|0|0|0|0|0|0|0|0|1|1|1|1|1;0|0|0|0|1|0
227|192|327|192|0|0|0|0|0|0|0|0|0|0|0|0|1|0|0|0|0|0|0|0|0|0|0|0|0|0|0|0|1|1|1|1|1;0|0|0|0|1|0
228|192|327|192|0|0|0|0|0|0|0|0|0|0|0|0|1|0|0|0|0|0|0|0|0|0|0|0|0|0|0|0|1|1|1|1|1;0|0|0|0|1|0
230|192|326|192|0|0|0|0|0|0|0|0|0|0|0|0|1|0|0|0|0|0|0|0|0|0|0|0|0|0|0|0|1|1|1|1|1;0|0|0|0|1|0
231|192|326|192|0|0|0|0|0|0|0|0|0|0|0|0|1|0|0|0|0|0|0|0|0|0|0|0|0|0|0|0|1|1|1|1|1;0|0|0|0|1|0
233|192|325|192|0|0|0|0|0|0|0|0|0|0|0|1|0|0|0|0|0|0|0|0|0|0|0|0|0|0|0|0|1|1|1|1|1;0|0|0|0|1|0
234|192|325|192|0|0|0|0|0|0|0|0|0|0|0|1|0|0|0|0|0|0|0|0|0|0|0|0|0|0|0|0|1|1|1|1|1;0|0|0|0|1|0
236|192|324|192|0|0|0|0|0|0|0|0|0|0|0|1|0|0|0|0|0|0|0|0|0|0|0|0|0|0|0|0|1|1|1|1|1;0|0|0|0|1|0
237|192|324|192|0|0|0|0|0|0|0|0|0|0|0|1|0|0|0|0|0|0|0|0|0|0|0|0|0|0|0|0|1|1|1|1|1;0|0|0|0|1|0
239|192|323|192|0|0|0|0|0|0|0|0|0|0|0|1|0|0|0|0|0|0|0|0|0|0|0|0|0|0|0|0|1|1|1|1|1;0|0|0|0|1|0
240|192|323|192|0|0|0|0|0|0|0|0|0|0|0|1|0|0|0|0|0|0|0|0|0|0|0|0|0|0|0|0|1|1|1|1|1;0|0|0|0|1|0
242|192|322|192|0|0|0|0|0|0|0|0|0|0|0|1|0|0|0|0|0|0|0|0|0|0|0|0|0|0|0|0|1|1|1|1|1;0|0|0|0|1|0
243|192|322|192|0|0|0|0|0|0|0|0|0|0|0|1|0|0|0|0|0|0|0|0|0|0|0|0|0|0|0|0|1|1|1|1|1;0|0|0|0|1|0
245|192|321|192|0|0|0|0|0|0|0|0|0|0|0|1|0|0|0|0|0|0|0|0|0|0|0|0|0|0|0|0|1|1|1|1|1;0|0|0|0|1|0
246|192|321|192|0|0|0|0|0|0|0|0|0|0|0|1|0|0|0|0|0|0|0|0|0|0|0|0|0|0|0|0|1|1|1|1|1;0|0|0|0|1|0
248|192|320|192|0|0|0|0|0|0|0|0|0|0|1|0|0|0|0|0|0|0|0|0|0|0|0|0|0|0|0|0|1|1|1|1|1;0|0|0|0|1|0
249|192|320|192|0|0|0|0|0|0|0|0|0|0|1|0|0|0|0|0|0|0|0|0|0|0|0|0|0|0|0|0|1|1|1|1|1;0|0|0|0|1|0
251|192|319|192|0|0|0|0|0|0|0|0|0|0|1|0|0|0|0|0|0|0|0|0|0|0|0|0|0|0|0|0|1|1|1|1|1;0|0|0|0|1|0
252|192|319|192|0|0|0|0|0|0|0|0|0|0|1|0|0|0|0|0|0|0|0|0|0|0|0|0|0|0|0|0|1|1|1|1|1;0|0|0|0|1|0
254|192|318|192|0|0|0|0|0|0|0|0|0|0|1|0|0|0|0|0|0|0|0|0|0|0|0|0|0|0|0|0|1|1|1|1|1;0|0|0|0|1|0
255|192|318|192|0|0|0|0|0|0|0|0|0|0|1|0|0|0|0|0|0|0|0|0|0|0|0|0|0|0|0|0|1|1|1|1|1;0|0|0|0|1|0
257|192|317|192|0|0|0|0|0|0|0|0|0|0|1|0|0|0|0|0|0|0|0|0|0|0|0|0|0|0|0|0|1|1|1|1|1;0|0|0|0|1|0
258|192|317|192|0|0|0|0|0|0|0|0|0|0|1|0|0|0|0|0|0|0|0|0|0|0|0|0|0|0|0|0|1|1|1|1|1;0|0|0|0|1|0
260|192|316|192|0|0|0|0|0|0|0|0|0|0|1|0|0|0|0|0|0|0|0|0|0|0|0|0|0|0|0|0|1|1|1|1|1;0|0|0|0|1|0
261|192|316|192|0|0|0|0|0|0|0|0|0|0|1|0|0|0|0|0|0|0|0|0|0|0|0|0|0|0|0|0|1|1|1|1|1;0|0|0|0|1|0
263|192|315|192|0|0|0|0|0|0|0|0|0|0|1|0|0|0|0|0|0|0|0|0|0|0|0|0|0|0|0|0|1|1|1|1|1;0|0|0|0|1|0
264|192|315|192|0|0|0|0|0|0|0|0|0|1|0|0|0|0|0|0|0|0|0|0|0|0|0|0|0|0|0|0|1|1|1|1|1;0|0|0|0|1|0
266|192|314|192|0|0|0|0|0|0|0|0|0|1|0|0|0|0|0|0|0|0|0|0|0|0|0|0|0|0|0|0|1|1|1|1|1;0|0|0|0|1|0
267|192|314|192|0|0|0|0|0|0|0|0|0|1|0|0|0|0|0|0|0|0|0|0|0|0|0|0|0|0|0|0|1|1|1|1|1;0|0|0|0|1|0
269|192|313|192|0|0|0|0|0|0|0|0|0|1|0|0|0|0|0|0|0|0|0|0|0|0|0|0|0|0|0|0|1|1|1|1|1;0|0|0|0|1|0
270|192|313|192|0|0|0|0|0|0|0|0|0|1|0|0|0|0|0|0|0|0|0|0|0|0|0|0|0|0|0|0|1|1|1|1|1;0|0|0|0|1|0
272|192|312|192|0|0|0|0|0|0|0|0|0|1|0|0|0|0|0|0|0|0|0|0|0|0|-1|0|0|0|0|0|1|1|1|1|1;0|0|0|0|1|0
273|188|312|192|0|0|0|0|0|0|0|0|0|0|0|0|0|0|1|0|0|0|0|0|0|0|-1|0|0|0|0|0|0|0|0|0|0;1|0|0|0|1|0
275|184|311|192|0|0|0|0|0|0|0|0|0|0|0|0|0|0|1|0|0|0|0|0|0|0|-1|0|0|0|0|-1|0|0|0|0|0;1|0|0|0|1|0
276|180|311|192|0|0|0|0|0|0|0|0|0|0|0|0|0|0|1|0|0|0|0|0|0|0|0|0|0|0|0|-1|0|0|0|0|0;1|0|0|0|1|0
278|176|310|192|0|0|0|0|0|0|0|0|0|0|0|0|0|0|1|0|0|0|0|0|0|0|0|0|0|0|0|-1|0|0|0|0|0;1|0|0|0|1|0
279|173|310|192|0|0|0|0|0|0|0|0|0|0|0|0|0|0|0|0|0|0|0|1|0|0|0|0|0|0|0|-1|0|0|0|0|0;1|0|0|0|1|0
281|169|309|192|0|0|0|0|0|0|0|0|0|0|0|0|0|0|0|0|0|0|1|0|0|0|1|0|0|0|0|-1|0|0|0|0|0;1|0|0|0|1|0
282|166|309|192|0|0|0|0|0|0|0|0|0|0|0|0|0|0|0|0|0|0|1|0|0|0|1|0|0|0|0|0|0|0|0|0|-1;1|0|0|0|1|0
284|163|308|192|0|0|0|0|0|0|0|0|0|0|0|0|0|0|0|0|0|0|1|0|0|0|1|0|0|0|0|0|0|0|0|-1|-1;0|0|0|0|1|0
285|160|308|192|0|0|0|0|0|0|0|0|0|0|0|0|0|0|0|0|0|0|1|0|0|0|1|0|0|0|0|0|0|0|0|-1|0;0|0|0|0|1|0
287|158|307|192|0|0|0|0|0|0|0|0|0|0|0|0|0|0|0|0|0|0|0|0|0|0|0|1|0|0|0|1|0|0|0|-1|0;0|0|0|0|1|0
288|155|307|192|0|0|0|0|0|0|0|0|0|0|0|0|0|0|0|0|0|0|0|0|0|0|0|1|0|0|0|1|0|0|0|-1|0;0|0|0|0|1|0
290|154|306|192|0|0|0|0|0|0|0|0|0|0|0|0|0|0|0|0|0|0|0|0|0|0|0|1|0|0|0|1|0|0|0|-1|0;0|0|0|0|1|0
291|153|306|192|0|0|0|0|0|0|0|0|0|0|0|0|0|0|0|0|0|0|0|0|0|0|0|1|0|0|0|1|0|0|0|-1|0;0|0|0|0|1|0
293|152|305|192|0|0|0|0|0|0|0|0|0|0|0|0|0|0|0|0|0|0|0|0|0|0|0|1|0|0|0|1|0|0|0|-1|0;0|0|0|0|1|0
294|151|305|192|0|0|0|0|0|0|0|0|0|0|0|0|0|0|0|0|0|0|0|0|0|0|0|1|0|0|0|1|0|0|0|0|0;0|0|0|0|1|0
296|151|304|192|0|0|0|0|0|0|0|0|0|0|0|0|0|0|0|0|0|0|0|0|0|0|0|0|0|0|1|1|0|0|0|0|0;0|0|0|0|1|0
297|151|304|192|0|0|0|0|0|0|0|0|0|0|0|0|0|0|0|0|0|0|0|0|0|0|0|0|0|0|1|1|0|0|0|0|0;0|0|0|0|1|0
299|152|303|192|0|0|0|0|0|0|0|0|0|0|0|0|0|0|0|0|0|0|0|0|0|0|0|0|0|0|1|1|0|0|-1|0|0;0|0|0|0|1|0
300|153|303|192|0|0|0|0|0|0|0|0|0|0|0|0|0|0|0|0|0|0|0|0|0|0|0|0|0|0|1|1|0|0|-1|0|0;0|0|0|0|1|0
302|154|302|192|0|0|0|0|0|0|0|0|0|0|0|0|0|0|0|0|0|0|0|0|0|0|0|0|0|0|1|1|0|0|-1|0|0;0|0|0|0|1|0
303|156|302|192|0|0|0|0|0|0|0|0|0|0|0|0|0|0|0|0|0|0|0|0|0|0|0|0|0|0|1|1|0|0|-1|0|0;0|0|0|0|1|0
305|158|301|192|0|0|0|0|0|0|0|0|0|0|0|0|0|0|0|0|0|0|0|0|0|0|0|0|0|0|1|1|0|0|-1|0|0;0|0|0|0|1|0
306|160|301|192|0|0|0|0|0|0|0|0|0|0|0|0|0|0|0|0|0|0|0|0|0|1|1|0|0|0|0|0|0|0|-1|0|0;0|0|0|0|1|0
308|163|300|192|0|0|0|0|0|0|0|0|0|0|0|0|0|0|0|0|0|0|0|0|0|1|1|0|0|0|0|0|0|-1|-1|0|0;0|0|0|0|1|0
309|166|300|192|0|0|0|0|0|0|0|0|0|0|0|0|0|0|0|0|0|0|0|0|0|1|1|0|0|0|0|0|0|-1|0|0|0;0|0|0|0|1|0
311|170|299|192|0|0|0|0|0|0|0|0|0|0|0|0|0|0|0|0|0|0|0|0|0|1|1|0|-1|0|0|0|0|0|0|0|0;0|0|0|0|1|0
312|174|299|192|0|0|0|0|0|0|0|0|0|0|0|0|0|0|0|0|0|0|0|0|1|1|1|0|-1|0|0|0|0|0|0|0|0;0|0|0|0|1|0
314|178|298|192|0|0|0|0|0|0|0|0|0|0|0|0|0|0|0|1|1|1|0|0|0|0|0|0|-1|0|0|0|0|0|0|0|0;0|0|0|0|1|0
315|182|298|192|0|0|0|0|0|0|0|0|0|0|0|0|0|0|0|1|1|1|0|0|0|0|0|0|-1|0|0|0|0|0|0|0|0;0|0|0|0|1|0
317|186|297|192|0|0|0|0|0|0|0|0|0|0|0|0|0|0|0|1|1|1|0|-1|0|0|0|0|0|0|0|0|0|0|0|0|0;0|0|0|0|1|0
318|190|297|192|0|0|0|0|0|0|0|0|0|0|0|0|0|0|0|1|1|1|0|-1|0|0|0|0|0|0|0|0|0|0|0|0|0;0|0|0|0|1|0
320|192|296|192|0|0|0|0|0|0|0|0|0|0|1|1|1|0|0|0|0|0|-1|-1|0|0|0|0|0|0|0|0|1|1|1|1|1;0|0|0|0|1|0
321|192|296|192|0|0|0|0|0|0|0|0|0|0|1|1|1|0|0|0|0|0|-1|0|0|0|0|0|0|0|0|0|1|1|1|1|1;0|0|0|0|1|0
323|192|295|192|0|0|0|0|0|0|0|0|0|0|1|1|1|0|0|0|0|0|-1|0|0|0|0|0|0|0|0|0|1|1|1|1|1;0|0|0|0|1|0
324|192|295|192|0|0|0|0|0|0|0|0|0|0|1|1|1|0|0|0|0|0|-1|0|0|0|0|0|0|0|0|0|1|1|1|1|1;0|0|0|0|1|0
326|192|294|192|0|0|0|0|0|0|0|0|0|0|1|1|1|0|0|0|0|0|-1|0|0|0|0|0|0|0|0|0|1|1|1|1|1;0|0|0|0|1|0
327|192|294|192|0|0|0|0|0|0|0|0|0|0|1|1|1|0|0|0|0|0|-1|0|0|0|0|0|0|0|0|0|1|1|1|1|1;0|0|0|0|1|0
329|192|293|192|0|0|0|0|0|0|0|0|0|1|1|1|1|0|0|0|0|0|-1|0|0|0|0|0|0|0|0|0|1|1|1|1|1;0|0|0|0|1|0
330|192|293|192|0|0|0|0|0|0|0|0|0|1|1|1|1|0|0|0|0|0|-1|0|0|0|0|0|0|0|0|0|1|1|1|1|1;0|0|0|0|1|0
332|192|292|192|0|0|0|0|0|0|0|0|0|1|1|1|1|0|0|0|0|0|-1|0|0|0|0|0|0|0|0|0|1|1|1|1|1;0|0|0|0|1|0
333|192|292|192|0|0|0|0|0|0|0|0|0|1|1|1|1|0|0|0|0|0|0|0|0|0|0|0|0|0|0|0|1|1|1|1|1;0|0|0|0|1|0
335|192|291|192|0|0|0|0|0|0|0|0|0|1|1|1|1|0|0|0|0|0|0|0|0|0|0|0|0|0|0|0|1|1|1|1|1;0|0|0|0|1|0
336|192|291|192|0|0|0|0|0|0|0|0|0|1|1|1|1|0|0|0|0|0|0|0|0|0|0|0|0|0|0|0|1|1|1|1|1;0|0|0|0|1|0
338|192|290|192|0|0|0|0|0|0|0|0|0|1|1|1|1|0|0|0|0|0|0|0|0|0|0|0|0|0|0|0|1|1|1|1|1;0|0|0|0|1|0
339|192|290|192|0|0|0|0|0|0|0|0|0|1|1|1|1|0|0|0|0|0|0|0|0|0|0|0|0|0|0|0|1|1|1|1|1;0|0|0|0|1|0
341|192|289|192|0|0|0|0|0|0|0|0|0|1|1|1|1|0|0|0|0|0|0|0|0|0|0|0|0|0|0|0|1|1|1|1|1;0|0|0|0|1|0
342|192|289|192|0|0|0|0|0|0|0|0|0|1|1|1|1|0|0|0|0|0|0|0|0|0|0|0|0|0|0|0|1|1|1|1|1;0|0|0|0|1|0
344|192|288|192|0|0|0|0|0|0|0|0|1|1|1|1|1|0|0|0|0|0|0|0|0|0|0|0|0|0|0|0|1|1|1|1|1;0|0|0|0|1|0
345|192|288|192|0|0|0|0|0|0|0|0|1|1|1|1|1|0|0|0|0|0|0|0|0|0|0|0|0|0|0|0|1|1|1|1|1;0|0|0|0|1|0
347|192|287|192|0|0|0|0|0|0|0|0|1|1|1|1|1|0|0|0|0|0|0|0|0|0|0|0|0|0|0|0|1|1|1|1|1;0|0|0|0|1|0
348|192|287|192|0|0|0|0|0|0|0|0|1|1|1|1|1|0|0|0|0|0|0|0|0|0|0|0|0|0|0|0|1|1|1|1|1;0|0|0|0|1|0
350|192|286|192|0|0|0|0|0|0|0|0|1|1|1|1|1|0|0|0|0|0|0|0|0|0|0|0|0|0|0|0|1|1|1|1|1;0|0|0|0|1|0
351|192|286|192|0|0|0|0|0|0|0|0|1|1|1|1|1|0|0|0|0|0|0|0|0|0|0|0|0|0|0|0|1|1|1|1|1;0|0|0|0|1|0
353|192|285|192|0|0|0|0|0|0|0|0|1|1|1|1|1|0|0|0|0|0|0|0|0|0|0|0|0|0|0|0|1|1|1|1|1;0|0|0|0|1|0
354|192|285|192|0|0|0|0|0|0|0|0|1|1|1|1|1|0|0|0|0|0|0|0|0|0|0|0|0|0|0|0|1|1|1|1|1;0|0|0|0|1|0
356|192|284|192|0|0|0|0|0|0|0|0|1|1|1|1|1|0|0|0|0|0|0|0|0|0|0|0|0|0|0|0|1|1|1|1|1;0|0|0|0|1|0
357|192|284|192|0|0|0|0|0|0|0|0|1|1|1|1|1|0|0|0|0|0|0|0|0|0|0|0|0|0|0|0|1|1|1|1|1;0|0|0|0|1|0
359|192|283|192|0|0|0|0|0|0|0|0|1|1|1|1|1|0|0|0|0|0|0|0|0|0|0|0|0|0|0|0|1|1|1|1|1;0|0|0|0|1|0
360|192|283|192|0|0|0|0|0|0|0|0|1|1|1|1|0|0|0|0|0|0|0|0|0|0|0|0|0|0|0|0|1|1|1|1|1;0|0|0|0|1|0
362|192|282|192|0|0|0|0|0|0|0|0|1|1|1|1|0|0|0|0|0|0|0|0|0|0|0|0|0|0|0|0|1|1|1|1|1;0|0|0|0|1|0
363|192|282|192|0|0|0|0|0|0|0|0|1|1|1|1|0|0|0|0|0|0|0|0|0|0|0|0|0|0|0|0|1|1|1|1|1;0|0|0|0|1|0
365|192|281|192|0|0|0|0|0|0|0|0|1|1|1|1|0|0|0|0|0|0|0|0|0|0|0|0|0|0|0|0|1|1|1|1|1;0|0|0|0|1|0
366|192|281|192|0|0|0|0|0|0|0|0|1|1|1|1|0|0|0|0|0|0|0|0|0|0|0|0|0|0|0|0|1|1|1|1|1;0|0|0|0|1|0
368|192|280|192|0|0|0|0|0|0|0|0|1|1|1|1|0|0|0|0|0|0|0|0|0|0|0|0|0|0|0|0|1|1|1|1|1;0|0|0|0|1|0
369|192|280|192|0|0|0|0|0|0|0|0|1|1|1|1|0|0|0|0|0|0|0|0|0|0|0|0|0|0|0|0|1|1|1|1|1;0|0|0|0|1|0
371|192|279|192|0|0|0|0|0|0|0|0|1|1|1|1|0|0|0|0|0|0|0|0|0|0|0|0|0|0|0|0|1|1|1|1|1;0|0|0|0|1|0
372|192|279|192|0|0|0|0|0|0|0|0|1|1|1|1|0|0|0|0|0|0|0|0|0|0|0|0|0|0|0|0|1|1|1|1|1;0|0|0|0|1|0
374|192|278|192|0|0|0|0|0|0|0|0|1|1|1|1|0|0|0|0|0|0|0|0|0|0|0|0|0|0|0|0|1|1|1|1|1;0|0|0|0|1|0
375|192|278|192|0|0|0|0|0|0|0|0|1|1|1|1|0|0|0|0|0|0|0|0|0|0|0|0|0|0|0|0|1|1|1|1|1;0|0|0|0|1|0
377|192|277|192|0|0|0|0|0|0|0|0|1|1|1|0|0|0|0|0|0|0|0|0|0|0|0|0|0|0|0|0|1|1|1|1|1;0|0|0|0|1|0
378|192|277|192|0|0|0|0|0|0|0|0|1|1|1|0|0|0|0|0|0|0|0|0|0|0|0|0|0|0|0|0|1|1|1|1|1;0|0|0|0|1|0
380|192|276|192|0|0|0|0|0|0|0|0|1|1|1|0|0|0|0|0|0|0|0|0|0|0|0|0|0|0|0|0|1|1|1|1|1;0|0|0|0|1|0
381|192|276|192|0|0|0|0|0|0|0|0|1|1|1|0|0|0|0|0|0|0|0|0|0|0|0|0|0|0|0|0|1|1|1|1|1;0|0|0|0|1|0
383|192|275|192|0|0|0|0|0|0|0|0|1|1|1|0|0|0|0|0|0|0|0|0|0|0|0|0|0|0|0|0|1|1|1|1|1;0|0|0|0|1|0
384|192|275|192|0|0|0|0|0|0|0|0|1|1|1|0|0|0|0|0|0|0|0|0|0|0|0|0|0|0|0|0|1|1|1|1|1;0|0|0|0|1|0
386|192|274|192|0|0|0|0|0|0|0|0|1|1|1|0|0|0|0|0|0|0|0|0|0|0|0|0|0|0|0|0|1|1|1|1|1;0|0|0|0|1|0
387|192|274|192|0|0|0|0|0|0|0|0|1|1|1|0|0|0|0|0|0|0|0|0|0|0|0|0|0|0|0|0|1|1|1|1|1;0|0|0|0|1|0
389|192|273|192|0|0|0|0|0|0|0|0|1|1|1|0|0|0|0|0|0|0|0|0|0|0|0|0|0|0|0|0|1|1|1|1|1;0|0|0|0|1|0
390|192|273|192|0|0|0|0|0|0|0|0|1|1|1|0|0|0|0|0|0|0|0|0|0|0|0|0|0|0|0|0|1|1|1|1|1;0|0|0|0|1|0
392|192|272|192|0|0|0|0|0|0|0|0|1|1|0|0|0|0|0|0|0|0|0|0|0|0|0|0|0|0|0|0|1|1|1|1|1;0|0|0|0|1|0
393|192|272|192|0|0|0|0|0|0|0|0|1|1|0|0|0|0|0|0|0|0|0|0|0|0|0|0|0|0|0|0|1|1|1|1|1;0|0|0|0|1|0
395|192|271|192|0|0|0|0|0|0|0|0|1|1|0|0|0|0|0|0|0|0|0|0|0|0|0|0|0|0|0|0|1|1|1|1|1;0|0|0|0|1|0
396|192|271|192|0|0|0|0|0|0|0|0|1|1|0|0|0|0|0|0|0|0|0|0|0|0|0|0|0|0|0|0|1|1|1|1|1;0|0|0|0|1|0
398|192|270|192|0|0|0|0|0|0|0|0|1|1|0|0|0|0|0|0|0|0|0|0|0|0|0|0|0|0|0|0|1|1|1|1|1;0|0|0|0|1|0
399|192|270|192|0|0|0|0|0|0|0|0|1|1|0|0|0|0|0|0|0|0|0|0|0|0|0|0|0|0|0|0|1|1|1|1|1;0|0|0|0|1|0
401|192|269|192|0|0|0|0|0|0|0|0|1|1|0|0|0|0|0|0|0|0|0|0|0|0|0|0|0|0|0|0|1|1|1|1|1;0|0|0|0|1|0
402|192|269|192|0|0|0|0|0|0|0|0|1|1|0|0|0|0|0|0|0|0|0|0|0|0|0|0|0|0|0|0|1|1|1|1|1;0|0|0|0|1|0
404|192|268|192|0|0|0|0|0|0|0|0|1|1|0|0|0|0|0|0|0|0|0|0|0|0|0|0|0|0|0|0|1|1|1|1|1;0|0|0|0|1|0
405|192|268|192|0|0|0|0|0|0|0|0|1|1|0|0|0|0|0|0|0|0|0|0|0|0|0|0|0|0|0|0|1|1|1|1|1;0|0|0|0|1|0
407|192|267|192|0|0|0|0|0|0|0|0|1|1|0|0|0|0|0|0|0|0|0|0|0|0|0|0|0|0|0|0|1|1|1|1|1;0|0|0|0|1|0
408|192|267|192|0|0|0|0|0|0|0|0|1|0|0|0|0|0|0|0|0|0|0|0|0|0|1|0|0|0|0|1|1|1|1|1|1;0|0|0|0|1|0
410|192|266|192|0|0|0|0|0|0|0|0|1|0|0|0|0|0|0|0|0|0|0|0|0|0|1|0|0|0|0|1|1|1|1|1|1;0|0|0|0|1|0
411|192|266|192|0|0|0|0|0|0|0|0|1|0|0|0|0|0|0|0|0|0|0|0|0|0|1|0|0|0|0|1|1|1|1|1|1;0|0|0|0|1|0
413|192|265|192|0|0|0|0|0|0|0|0|1|0|0|0|0|0|0|0|0|0|0|0|0|0|1|0|0|0|0|1|1|1|1|1|1;0|0|0|0|1|0
414|192|265|192|0|0|0|0|0|0|0|0|1|0|0|0|0|0|0|0|0|0|0|0|0|0|1|0|0|0|0|1|1|1|1|1|1;0|0|0|0|1|0
416|192|264|192|0|0|0|0|0|0|0|0|1|0|0|0|0|0|0|0|0|0|0|0|0|0|1|0|0|0|0|1|1|1|1|1|1;0|0|0|0|1|0
417|192|264|192|0|0|0|0|0|0|0|0|1|0|0|0|0|0|0|0|0|0|0|0|0|0|1|0|0|0|0|1|1|1|1|1|1;0|0|0|0|1|0
419|192|263|192|0|0|0|0|0|0|0|0|1|0|0|0|0|0|0|0|0|0|0|0|0|0|1|0|0|0|0|1|1|1|1|1|1;0|0|0|0|1|0
420|192|263|192|0|0|0|0|0|0|0|0|1|0|0|0|0|0|0|0|0|0|0|0|0|0|1|0|0|0|0|1|1|1|1|1|1;0|0|0|0|1|0
422|192|262|192|0|0|0|0|0|0|0|0|1|0|0|0|0|0|0|0|0|0|0|0|0|0|1|0|0|0|0|1|1|1|1|1|1;0|0|0|0|1|0
423|192|262|192|0|0|0|0|0|0|0|0|1|0|0|0|0|0|0|0|0|0|0|0|0|0|1|0|0|0|0|1|1|1|1|1|1;0|0|0|0|1|0
425|192|261|192|0|0|0|0|0|0|0|0|0|0|0|0|0|0|0|0|0|0|0|0|0|1|1|0|0|0|1|1|1|1|1|1|1;0|0|0|0|1|0
426|192|261|192|0|0|0|0|0|0|0|0|0|0|0|0|0|0|0|0|0|0|0|0|0|1|1|0|0|0|1|1|1|1|1|1|1;0|0|0|0|1|0
428|188|260|192|0|0|0|0|0|0|0|0|0|0|0|0|0|0|0|0|0|0|0|0|0|0|0|0|0|0|1|1|0|0|0|1|1;1|0|0|0|1|0
429|184|260|192|0|0|0|0|0|0|0|0|0|0|0|0|0|0|0|0|0|0|0|0|0|0|0|0|0|0|1|1|0|0|0|1|1;1|0|0|0|1|0
431|180|259|192|0|0|0|0|0|0|0|0|0|0|0|0|0|0|0|0|0|0|0|0|0|0|0|0|0|0|1|1|0|0|0|1|1;1|0|0|0|1|0
432|176|259|192|0|0|0|0|0|0|0|0|0|0|0|0|0|0|0|0|0|0|0|0|0|0|0|0|0|0|1|1|0|0|0|1|1;1|0|0|0|1|0
434|173|258|192|0|0|0|0|0|0|0|0|0|0|0|0|0|0|0|0|0|0|0|0|0|0|0|0|0|0|0|0|0|0|0|1|1;1|0|0|0|1|0
434|169|258|192|0|0|0|0|0|0|0|0|0|0|0|0|0|0|0|0|0|0|0|0|0|0|0|0|0|0|0|0|0|0|0|1|1;1|0|0|0|1|0
434|166|257|192|0|0|0|0|0|0|0|0|0|0|0|0|0|0|0|0|0|0|0|0|0|0|0|0|0|0|0|0|0|0|0|1|1;1|0|0|0|1|0
434|163|257|192|0|0|0|0|0|0|0|0|0|0|0|0|0|0|0|0|0|0|0|0|0|0|0|0|0|0|0|0|0|0|0|1|1;1|0|0|0|1|0
434|160|256|192|0|0|0|0|0|0|0|0|0|0|0|0|0|0|0|0|0|0|0|0|0|0|0|0|0|0|0|0|0|0|0|1|1;0|0|0|0|1|0
435|157|256|192|0|0|0|0|0|0|0|0|0|0|0|0|0|0|0|0|0|0|0|0|0|0|0|0|0|0|0|0|0|0|0|0|0;0|0|0|0|1|0
435|155|255|192|0|0|0|0|0|0|0|0|0|0|0|0|0|0|0|0|0|0|0|0|0|0|0|0|0|0|0|0|0|0|0|0|0;0|0|0|0|1|0
435|153|255|192|0|0|0|0|0|0|0|0|0|0|0|0|0|0|0|0|0|0|0|0|0|0|0|0|0|0|0|0|0|0|0|0|0;0|0|0|0|1|0
435|151|254|192|0|0|0|0|0|0|0|0|0|0|0|0|0|0|0|0|0|0|0|0|0|0|0|0|0|0|0|0|0|0|0|0|0;0|0|0|0|1|0
435|150|254|192|0|0|0|0|0|0|0|0|0|0|0|0|0|0|0|0|0|0|0|0|0|0|0|0|0|0|0|0|0|0|0|0|0;0|0|0|0|1|0
436|149|253|192|0|0|0|0|0|0|0|0|0|0|0|0|0|0|0|0|0|0|0|0|0|0|0|0|0|0|0|0|0|0|0|0|0;0|0|0|0|1|0
436|149|253|192|0|0|0|0|0|0|0|0|0|0|0|0|0|0|0|0|0|0|0|0|0|0|0|0|0|0|0|0|0|0|0|0|0;0|0|0|0|1|0
436|149|252|192|0|0|0|0|0|0|0|0|0|0|0|0|0|0|0|0|0|0|0|0|0|0|0|0|0|0|0|0|0|0|0|0|0;0|0|0|0|1|0
437|149|252|192|0|0|0|0|0|0|0|0|0|0|0|0|0|0|0|0|0|0|0|0|0|0|0|0|0|0|0|0|0|0|0|0|0;0|0|0|0|1|0
437|150|251|192|0|0|0|0|0|0|0|0|0|0|0|0|0|0|0|0|0|0|0|0|0|0|0|0|0|0|0|0|0|0|0|0|0;0|0|0|0|1|0
438|151|251|192|0|0|0|0|0|0|0|0|0|0|0|0|0|0|0|0|0|0|0|0|0|0|0|0|0|0|0|0|0|0|0|0|0;0|0|0|0|1|0
438|152|250|192|0|0|0|0|0|0|0|0|0|0|0|0|0|0|0|0|0|0|0|0|0|0|0|0|0|0|0|0|0|0|0|0|0;0|0|0|0|1|0
439|154|0|0|0|0|0|0|0|0|0|0|0|0|0|0|0|0|0|0|0|0|0|0|0|0|0|0|0|0|0|0|0|0|0|0|0;0|0|0|0|1|0
440|156|0|0|0|0|0|0|0|0|0|0|0|0|0|0|0|0|0|0|0|0|0|0|0|0|0|0|0|0|0|0|0|0|0|0|0;0|0|0|0|1|0
440|159|0|0|0|0|0|0|0|0|0|0|0|0|0|0|0|0|0|0|0|0|0|0|0|0|0|0|0|0|0|0|0|0|0|0|0;0|0|0|0|1|0
441|160|0|0|0|0|0|0|0|0|0|0|0|0|0|0|0|0|0|0|0|0|0|0|0|0|0|0|0|0|0|0|0|0|1|1|0;0|0|0|0|1|0
442|160|0|0|0|0|0|0|0|0|0|0|0|0|0|0|0|0|0|0|0|0|0|0|0|0|0|0|0|0|0|0|0|0|1|1|0;0|0|0|0|1|0
442|160|0|0|0|0|0|0|0|0|0|0|0|0|0|0|0|0|0|0|0|0|0|0|0|0|0|0|0|0|0|0|0|0|1|1|0;0|0|0|0|1|0
443|160|0|0|0|0|0|0|0|0|0|0|0|0|0|0|0|0|0|0|0|0|0|0|0|0|0|0|0|0|0|0|0|0|1|1|0;0|0|0|0|1|0
444|160|0|0|0|0|0|0|0|0|0|0|0|0|0|0|0|0|0|0|0|0|0|0|0|0|0|0|0|0|0|0|0|0|1|1|0;0|0|0|0|1|0
445|160|0|0|0|0|0|0|0|0|0|0|0|0|0|0|0|0|0|0|0|0|0|0|0|0|0|0|0|0|0|0|0|0|1|1|0;0|0|0|0|1|0
446|160|0|0|0|0|0|0|0|0|0|0|0|0|0|0|0|0|0|0|0|0|0|0|0|0|0|0|0|0|0|0|0|0|1|1|0;0|0|0|0|1|0
447|160|0|0|0|0|0|0|0|0|0|0|0|0|0|0|0|0|0|0|0|0|0|0|0|0|0|0|0|0|0|0|0|0|1|1|0;0|0|0|0|1|0
448|160|0|0|0|0|0|0|0|0|0|0|0|0|0|0|0|0|0|0|0|0|0|0|0|0|0|0|0|0|0|0|0|0|1|1|0;0|0|0|0|1|0
449|160|0|0|0|0|0|0|0|0|0|0|0|0|0|0|0|0|0|0|0|0|0|0|0|0|0|0|0|0|0|0|0|0|1|1|0;0|0|0|0|1|0
450|160|0|0|0|0|0|0|0|0|0|0|0|0|0|0|0|0|0|0|0|0|0|0|0|0|0|0|0|0|0|0|0|0|1|1|0;0|0|0|0|1|0
451|160|0|0|0|0|0|0|0|0|0|0|0|0|0|0|0|0|0|0|0|0|0|0|0|0|0|0|0|0|0|0|0|0|1|1|0;0|0|0|0|1|0
452|160|640|192|0|0|0|0|0|0|0|0|0|0|0|0|0|0|0|0|0|0|0|0|0|0|0|0|0|0|0|0|0|0|1|1|0;0|0|0|0|1|0
453|160|639|192|0|0|0|0|0|0|0|0|0|0|0|0|0|0|0|0|0|0|0|0|0|0|0|0|0|0|0|0|0|0|1|1|0;0|0|0|0|1|0
454|160|640|192|0|0|0|0|0|0|0|0|0|0|0|0|0|0|0|0|0|0|0|0|0|0|0|0|0|0|0|0|0|0|1|1|0;0|0|0|0|1|0
455|160|640|192|0|0|0|0|0|0|0|0|0|0|0|0|0|0|0|0|0|0|0|0|0|0|0|0|0|0|0|0|0|0|1|1|0;0|0|0|0|1|0
457|160|641|192|0|0|0|0|0|0|0|0|0|0|0|0|0|0|0|0|0|0|0|0|0|0|0|0|0|0|0|0|0|1|1|0|0;0|0|0|0|1|0
458|160|641|192|0|0|0|0|0|0|0|0|0|0|0|0|0|0|0|0|0|0|0|0|0|0|0|0|0|0|0|0|0|1|1|0|0;0|0|0|0|1|0
459|160|642|192|0|0|0|0|0|0|0|0|0|0|0|0|0|0|0|0|0|0|0|0|0|0|0|0|0|0|0|0|0|1|1|0|0;0|0|0|0|1|0
461|160|642|192|0|0|0|0|0|0|0|0|0|0|0|0|0|0|0|0|0|0|0|0|0|0|0|0|0|0|0|0|0|1|1|0|0;0|0|0|0|1|0
462|160|643|192|0|0|0|0|0|0|0|0|0|0|0|0|0|0|0|0|0|0|0|0|0|0|0|0|0|0|0|0|0|1|1|0|0;0|0|0|0|1|0
464|160|643|192|0|0|0|0|0|0|0|0|0|0|0|0|0|0|0|0|0|0|0|0|0|0|0|0|0|0|0|0|0|1|1|0|0;0|0|0|0|1|0
465|160|644|192|0|0|0|0|0|0|0|0|0|0|0|0|0|0|0|0|0|0|0|0|0|0|0|0|0|0|0|0|0|1|1|0|0;0|0|0|0|1|0
467|160|644|192|0|0|0|0|0|0|0|0|0|0|0|0|0|0|0|0|0|0|0|0|0|0|0|0|0|0|0|0|0|1|1|0|0;0|0|0|0|1|0
468|160|645|192|0|0|0|0|0|0|0|0|0|0|0|0|0|0|0|0|0|0|0|0|0|0|0|0|0|0|0|0|0|1|1|0|0;0|0|0|0|1|0
470|160|645|192|0|0|0|0|0|0|0|0|0|0|0|0|0|0|0|0|0|0|0|0|0|0|0|0|0|0|0|0|0|1|1|0|0;0|0|0|0|1|0
471|160|646|192|0|0|0|0|0|0|0|0|0|0|0|0|0|0|0|0|0|0|0|0|0|0|0|0|0|0|0|0|0|1|1|0|0;0|0|0|0|1|0
473|160|646|192|0|0|0|0|0|0|0|0|0|0|0|0|0|0|0|0|0|0|0|0|0|0|0|0|0|0|0|0|1|1|0|0|0;0|0|0|0|1|0
474|160|647|192|0|0|0|0|0|0|0|0|0|0|0|0|0|0|0|0|0|0|0|0|0|0|0|0|0|0|0|0|1|1|0|0|0;0|0|0|0|1|0
476|160|647|192|0|0|0|0|0|0|0|0|0|0|0|0|0|0|0|0|0|0|0|0|0|0|0|0|0|0|0|0|1|1|0|0|0;0|0|0|0|1|0
477|160|648|192|0|0|0|0|0|0|0|0|0|0|0|0|0|0|0|0|0|0|0|0|0|0|0|0|0|0|0|0|1|1|0|0|0;0|0|0|0|1|0
479|160|648|192|0|0|0|0|0|0|0|0|0|0|0|0|0|0|0|0|0|0|0|0|0|0|0|0|0|0|0|0|1|1|0|0|0;0|0|0|0|1|0
480|160|649|192|0|0|0|0|0|0|0|0|0|0|0|0|0|0|0|0|0|0|0|0|0|0|0|0|0|0|0|0|1|1|0|0|0;0|0|0|0|1|0
482|161|649|192|0|0|0|0|0|0|0|0|0|0|0|0|0|0|0|0|0|0|0|0|0|0|0|0|0|0|0|0|1|1|0|0|0;0|0|0|0|1|0
483|162|650|192|0|0|0|0|0|0|0|0|0|0|0|0|0|0|0|0|0|0|0|0|0|0|0|0|0|0|0|0|1|1|0|0|0;0|0|0|0|1|0
485|163|650|192|0|0|0|0|0|0|0|0|0|0|0|0|0|0|0|0|0|0|0|0|0|0|0|0|0|0|0|0|1|1|0|0|0;0|0|0|0|1|0
486|165|651|192|0|0|0|0|0|0|0|0|0|0|0|0|0|0|0|0|0|0|0|0|0|0|0|0|0|0|0|0|1|1|0|0|0;0|0|0|0|1|0
488|168|651|192|0|0|0|0|0|0|0|0|0|0|0|0|0|0|0|0|0|0|0|0|0|0|0|0|0|0|0|0|1|0|0|0|0;0|0|0|0|1|0
489|170|652|192|0|0|0|0|0|0|0|0|0|0|0|0|0|0|0|0|0|0|0|0|0|0|0|0|0|0|0|0|1|0|0|0|0;0|0|0|0|1|0
491|173|652|192|0|0|0|0|0|0|0|0|0|0|0|0|0|0|0|0|0|0|0|0|0|0|0|0|0|0|0|0|1|0|0|0|0;0|0|0|0|1|0
492|177|653|192|0|0|0|0|0|0|0|0|0|0|0|0|0|0|0|0|0|0|0|0|0|0|0|1|0|0|0|0|1|0|0|0|0;0|0|0|0|1|0
494|180|653|192|0|0|0|0|0|0|0|0|0|0|0|0|0|0|0|0|0|0|0|0|0|0|0|1|0|0|0|0|1|0|0|0|0;0|0|0|0|1|0
495|184|654|192|0|0|0|0|0|0|0|0|0|0|0|0|0|0|0|0|0|0|0|0|0|0|0|1|0|0|0|0|1|0|0|0|0;0|0|0|0|1|0
497|188|654|192|0|0|0|0|0|0|0|0|0|0|0|0|0|0|0|0|0|0|0|0|0|0|0|1|0|0|0|0|1|0|0|0|0;0|0|0|0|1|0
498|192|655|192|0|0|0|0|0|0|0|0|0|0|0|0|0|0|0|0|0|0|1|0|0|0|0|1|0|0|0|0|1|1|1|1|1;0|0|0|0|1|0
500|192|655|192|0|0|0|0|0|0|0|0|0|0|0|0|0|0|0|0|0|0|1|0|0|0|0|1|0|0|0|0|1|1|1|1|1;0|0|0|0|1|0
501|192|656|192|0|0|0|0|0|0|0|0|0|0|0|0|0|0|0|0|0|0|1|0|0|0|0|1|0|0|0|0|1|1|1|1|1;0|0|0|0|1|0
503|192|656|192|0|0|0|0|0|0|0|0|0|0|0|0|0|0|0|0|0|0|1|0|0|0|0|1|0|0|0|0|1|1|1|1|1;0|0|0|0|1|0
504|192|657|192|0|0|0|0|0|0|0|0|0|0|0|0|0|0|0|0|0|0|0|0|0|0|0|0|0|0|0|0|1|1|1|1|1;0|0|0|0|1|0
506|192|657|192|0|0|0|0|0|0|0|0|0|0|0|0|0|0|0|0|0|0|0|0|0|0|0|0|0|0|0|0|1|1|1|1|1;0|0|0|0|1|0
507|192|658|192|0|0|0|0|0|0|0|0|0|0|0|0|0|0|0|0|0|0|0|0|0|0|0|0|0|0|0|0|1|1|1|1|1;0|0|0|0|1|0
509|192|658|192|0|0|0|0|0|0|0|0|0|0|0|0|0|0|0|0|0|0|0|0|0|0|0|0|0|0|0|0|1|1|1|1|1;0|0|0|0|1|0
510|192|659|192|0|0|0|0|0|0|0|0|0|0|0|0|0|0|0|0|0|0|0|0|0|0|0|0|0|0|0|0|1|1|1|1|1;0|0|0|0|1|0
512|192|659|192|0|0|0|0|0|0|0|0|0|0|0|0|0|0|0|0|0|0|0|0|0|0|0|0|0|0|0|0|1|1|1|1|1;0|0|0|0|1|0
513|192|660|192|0|0|0|0|0|0|0|0|0|0|0|0|0|0|0|0|0|0|0|0|0|0|0|0|0|0|0|0|1|1|1|1|1;0|0|0|0|1|0
515|192|660|192|0|0|0|0|0|0|0|0|0|0|0|0|0|0|0|0|0|0|0|0|0|0|0|0|0|0|0|0|1|1|1|1|1;0|0|0|0|1|0
516|192|661|192|0|0|0|0|0|0|0|0|0|0|0|0|0|0|0|0|0|0|0|0|0|0|0|0|0|0|0|0|1|1|1|1|1;0|0|0|0|1|0
518|192|661|192|0|0|0|0|0|0|0|0|0|0|0|0|0|0|0|0|0|0|0|0|0|0|0|0|0|0|0|0|1|1|1|1|1;0|0|0|0|1|0
519|192|662|192|0|0|0|0|0|0|0|0|0|0|0|0|0|0|0|0|0|0|0|0|0|0|0|0|0|0|0|0|1|1|1|1|1;0|0|0|0|1|0
521|192|662|192|0|0|0|0|0|0|0|0|0|0|0|0|0|0|0|0|0|0|0|0|0|0|0|0|0|0|0|0|1|1|1|1|1;0|0|0|0|1|0
522|192|663|192|0|0|0|0|0|0|0|0|0|0|0|0|0|0|0|0|0|0|0|0|0|0|0|0|0|0|0|0|1|1|1|1|1;0|0|0|0|1|0
524|192|663|192|0|0|0|0|0|0|0|0|0|0|0|0|0|0|0|0|0|0|0|0|0|0|0|0|0|0|0|0|1|1|1|1|1;0|0|0|0|1|0
525|192|664|192|0|0|0|0|0|0|0|0|0|0|0|0|0|0|0|0|0|0|0|0|0|0|0|0|0|0|0|0|1|1|1|1|1;0|0|0|0|1|0
527|192|664|192|0|0|0|0|0|0|0|0|0|0|0|0|0|0|0|0|0|0|0|0|0|0|0|0|0|0|0|0|1|1|1|1|1;0|0|0|0|1|0
528|192|665|192|0|0|0|0|0|0|0|0|0|0|0|0|0|0|0|0|0|0|0|0|0|0|0|0|0|0|0|0|1|1|1|1|1;0|0|0|0|1|0
530|192|665|192|0|0|0|0|0|0|0|0|0|0|0|0|0|0|0|0|0|0|0|0|0|0|0|0|0|0|0|0|1|1|1|1|1;0|0|0|0|1|0
531|192|666|192|0|0|0|0|0|0|0|0|0|0|0|0|0|0|0|0|0|0|0|0|0|0|0|0|0|0|0|0|1|1|1|1|1;0|0|0|0|1|0
533|192|666|192|0|0|0|0|0|0|0|0|0|0|0|0|0|0|0|0|0|0|0|0|0|0|0|0|0|0|0|0|1|1|1|1|1;0|0|0|0|1|0
534|192|667|192|0|0|0|0|0|0|0|0|0|0|0|0|0|0|0|0|0|0|0|0|0|0|0|0|0|0|0|0|1|1|1|1|1;0|0|0|0|1|0
536|192|667|192|0|0|0|0|0|0|0|0|0|0|0|0|0|0|0|0|0|0|0|0|0|0|0|0|0|0|0|0|1|1|1|1|1;0|0|0|0|1|0
537|192|668|192|0|0|0|0|0|0|0|0|0|0|0|0|0|0|0|0|0|0|0|0|0|0|0|0|0|0|0|0|1|1|1|1|1;0|0|0|0|1|0
539|192|668|192|0|0|0|0|0|0|0|0|0|0|0|0|0|0|0|0|0|0|0|0|0|0|0|0|0|0|0|0|1|1|1|1|1;0|0|0|0|1|0
540|192|669|192|0|0|0|0|0|0|0|0|0|0|0|0|0|0|0|0|0|0|0|0|0|0|0|0|0|0|0|0|1|1|1|1|1;0|0|0|0|1|0
542|192|669|192|0|0|0|0|0|0|0|0|0|0|0|0|0|0|0|0|0|0|0|0|0|0|0|0|0|0|0|0|1|1|1|1|1;0|0|0|0|1|0
543|192|670|192|0|0|0|0|0|0|0|0|0|0|0|0|0|0|0|0|0|0|0|0|0|0|0|0|0|0|0|0|1|1|1|1|1;0|0|0|0|1|0
545|192|670|192|0|0|0|0|0|0|0|0|0|0|0|0|0|0|0|0|0|0|0|0|0|0|0|0|0|0|0|0|1|1|1|1|1;0|0|0|0|1|0
546|192|671|192|0|0|0|0|0|0|0|0|0|0|0|0|0|0|0|0|0|0|0|0|0|0|0|0|0|0|0|0|1|1|1|1|1;0|0|0|0|1|0
548|192|671|192|0|0|0|0|0|0|0|0|0|0|0|0|0|0|0|0|0|0|0|0|0|0|0|0|0|0|0|0|1|1|1|1|1;0|0|0|0|1|0
549|192|672|192|0|0|0|0|0|0|0|0|0|0|0|0|0|0|0|0|0|0|0|0|0|0|0|0|0|0|0|0|1|1|1|1|1;0|0|0|0|1|0
551|192|672|192|0|0|0|0|0|0|0|0|0|0|0|0|0|0|0|0|0|0|0|0|0|0|0|0|0|0|0|0|1|1|1|1|1;0|0|0|0|1|0
552|192|673|192|0|0|0|0|0|0|0|0|0|0|0|0|0|0|0|0|0|0|0|0|0|0|0|0|0|0|0|0|1|1|1|1|1;0|0|0|0|1|0
554|192|673|192|0|0|0|0|0|0|0|0|0|0|0|0|0|0|0|0|0|0|0|0|0|0|0|0|0|0|0|0|1|1|1|1|1;0|0|0|0|1|0
555|192|674|192|0|0|0|0|0|0|0|0|0|0|0|0|0|0|0|0|0|0|0|0|0|0|0|0|0|0|0|0|1|1|1|1|1;0|0|0|0|1|0
557|192|674|192|0|0|0|0|0|0|0|0|0|0|0|0|0|0|0|0|0|0|0|0|0|0|0|0|0|0|0|0|1|1|1|1|1;0|0|0|0|1|0
558|192|675|192|0|0|0|0|0|0|0|0|0|0|0|0|0|0|0|0|0|0|0|0|0|0|0|0|0|0|0|0|1|1|1|1|1;0|0|0|0|1|0
560|192|675|192|0|0|0|0|0|0|0|0|0|0|0|0|0|0|0|0|0|0|0|0|0|0|0|0|0|0|0|0|1|1|1|1|1;0|0|0|0|1|0
561|192|676|192|0|0|0|0|0|0|0|0|0|0|0|0|0|0|0|0|0|0|0|0|0|0|0|0|0|0|0|0|1|1|1|1|1;0|0|0|0|1|0
563|192|676|192|0|0|0|0|0|0|0|0|0|0|0|0|0|0|0|0|0|0|0|0|0|0|0|0|0|0|0|0|1|1|1|1|1;0|0|0|0|1|0
564|192|677|192|0|0|0|0|0|0|0|0|0|0|0|0|0|0|0|0|0|0|0|0|0|0|0|0|0|0|0|0|1|1|1|1|1;0|0|0|0|1|0
566|192|677|192|0|0|0|0|0|0|0|0|0|0|0|0|0|0|0|0|0|0|0|0|0|0|0|0|0|0|0|0|1|1|1|1|1;0|0|0|0|1|0
567|192|678|192|0|0|0|0|0|0|0|0|0|0|0|0|0|0|0|0|0|0|0|0|0|0|0|0|0|0|0|0|1|1|1|1|1;0|0|0|0|1|0
569|192|678|192|0|0|0|0|0|0|0|0|0|0|0|0|0|0|0|0|0|1|0|0|0|0|1|0|0|0|0|1|1|1|1|1|1;0|0|0|0|1|0
570|192|679|192|0|0|0|0|0|0|0|0|0|0|0|0|0|0|0|0|0|1|0|0|0|0|1|0|0|0|0|1|1|1|1|1|1;0|0|0|0|1|0
572|192|679|192|0|0|0|0|0|0|0|0|0|0|0|0|0|0|0|0|0|1|0|0|0|0|1|0|0|0|0|1|1|1|1|1|1;0|0|0|0|1|0
573|192|680|192|0|0|0|0|0|0|0|0|0|0|0|0|0|0|0|0|0|1|0|0|0|0|1|0|0|0|0|1|1|1|1|1|1;0|0|0|0|1|0
575|192|680|192|0|0|0|0|0|0|0|0|0|0|0|0|0|0|0|0|0|1|0|0|0|0|1|0|0|0|0|1|1|1|1|1|1;0|0|0|0|1|0
576|192|681|192|0|0|0|0|0|0|0|0|0|0|0|0|0|0|0|0|0|1|0|0|0|0|1|0|0|0|0|1|1|1|1|1|1;0|0|0|0|1|0
578|188|681|192|0|0|0|0|0|0|0|0|0|0|0|0|0|0|0|0|0|0|0|0|0|0|1|0|0|0|0|1|0|0|0|0|1;1|0|0|0|1|0
579|184|682|192|0|0|0|0|0|0|0|0|0|0|0|0|0|0|0|0|0|0|0|0|0|0|1|0|0|0|0|1|0|0|0|0|1;1|0|0|0|1|0
581|180|682|192|0|0|0|0|0|0|0|0|0|0|0|0|0|0|0|0|0|0|0|0|0|0|1|0|0|0|0|1|0|0|0|0|1;1|0|0|0|1|0
582|176|683|192|0|0|0|0|0|0|0|0|0|0|0|0|0|0|0|0|0|0|0|0|0|0|1|0|0|0|0|1|0|0|0|0|1;1|0|0|0|1|0
584|173|683|192|0|0|0|0|0|0|0|0|0|0|0|0|0|0|0|0|0|0|0|0|0|0|0|0|0|0|1|1|0|0|0|1|1;1|0|0|0|1|0
585|169|684|192|0|0|0|0|0|0|0|0|0|0|0|0|0|0|0|0|0|0|0|0|0|0|0|0|0|0|1|1|0|0|0|1|1;1|0|0|0|1|0
587|166|684|192|0|0|0|0|0|0|0|0|0|0|0|0|0|0|0|0|0|0|0|0|0|0|0|0|0|0|1|1|0|0|0|1|1;1|0|0|0|1|0
588|163|685|192|0|0|0|0|0|0|0|0|0|0|0|0|0|0|0|0|0|0|0|0|0|0|0|0|0|0|1|1|0|0|0|1|1;1|0|0|0|1|0
590|160|685|192|0|0|0|0|0|0|0|0|0|0|0|0|0|0|0|0|0|0|0|0|0|0|0|0|0|0|1|1|0|0|0|1|1;1|0|0|0|1|0
591|157|686|192|0|0|0|0|0|0|0|0|0|0|0|0|0|0|0|0|0|0|0|0|0|0|0|0|0|0|0|0|0|0|0|1|1;1|0|0|0|1|0
593|154|686|192|0|0|0|0|0|0|0|0|0|0|0|0|0|0|0|0|0|0|0|0|0|0|0|0|0|0|0|0|0|0|0|1|1;1|0|0|0|1|0
594|151|687|192|0|0|0|0|0|0|0|0|0|0|0|0|0|0|0|0|0|0|0|0|0|0|0|0|0|0|0|0|0|0|0|1|1;1|0|0|0|1|0
596|149|687|192|0|0|0|0|0|0|0|0|0|0|0|0|0|0|0|0|0|0|0|0|0|0|0|0|0|0|0|0|0|0|0|1|1;1|0|0|0|1|0
597|146|688|192|0|0|0|0|0|0|0|0|0|0|0|0|0|0|0|0|0|0|0|0|0|0|0|0|0|0|0|0|0|0|0|1|1;1|0|0|0|1|0
599|144|688|192|0|0|0|0|0|0|0|0|0|0|0|0|0|0|0|0|0|0|0|0|0|0|0|0|0|0|0|0|0|0|0|1|1;1|0|0|0|1|0
600|142|689|192|0|0|0|0|0|0|0|0|0|0|0|0|0|0|0|0|0|0|0|0|0|0|0|0|0|0|0|0|0|0|0|0|0;1|0|0|0|1|0
602|139|689|192|0|0|0|0|0|0|0|0|0|0|0|0|0|0|0|0|0|0|0|0|0|0|0|0|0|0|0|0|0|0|0|0|0;1|0|0|0|1|0
603|137|690|192|0|0|0|0|0|0|0|0|0|0|0|0|0|0|0|0|0|0|0|0|0|0|0|0|0|0|0|0|0|0|0|0|0;1|0|0|0|1|0
605|136|690|192|0|0|0|0|0|0|0|0|0|0|0|0|0|0|0|0|0|0|0|0|0|0|0|0|0|0|0|0|0|0|0|0|0;1|0|0|0|1|0
606|134|691|192|0|0|0|0|0|0|0|0|0|0|0|0|0|0|0|0|0|0|0|0|0|0|0|0|0|0|0|0|0|0|0|0|0;1|0|0|0|1|0
608|132|691|192|0|0|0|0|0|0|0|0|0|0|0|0|0|0|0|0|0|0|0|0|0|0|0|0|0|0|0|0|0|0|0|0|0;1|0|0|0|1|0
609|131|692|192|0|0|0|0|0|0|0|0|0|0|0|0|0|0|0|0|0|0|0|0|0|0|0|0|0|0|0|0|0|0|0|0|0;0|0|0|0|1|0
611|129|692|192|0|0|0|0|0|0|0|0|0|0|0|0|0|0|0|0|0|0|0|0|0|0|0|0|0|0|0|0|0|0|0|0|0;0|0|0|0|1|0
612|129|693|192|0|0|0|0|0|0|0|0|0|0|0|0|0|0|0|0|0|0|0|0|0|0|0|0|0|0|0|0|0|0|0|0|0;0|0|0|0|1|0
614|128|693|192|0|0|0|0|0|0|0|0|0|0|0|0|0|0|0|0|0|0|0|0|0|0|0|0|0|0|0|0|0|0|0|0|0;0|0|0|0|1|0
615|128|694|192|0|0|0|0|0|0|0|0|0|0|0|0|0|0|0|0|0|0|0|0|0|0|0|0|0|0|0|0|0|0|0|0|0;0|0|0|0|1|0
617|129|694|192|0|0|0|0|0|0|0|0|0|0|0|0|0|0|0|0|0|0|0|0|0|0|0|0|0|0|0|0|0|0|0|0|0;0|0|0|0|1|0
618|129|695|192|0|0|0|0|0|0|0|0|0|0|0|0|0|0|0|0|0|0|0|0|0|0|0|0|0|0|0|0|0|0|0|0|0;0|0|0|0|1|0
620|130|695|192|0|0|0|0|0|0|0|0|0|0|0|0|0|0|0|0|0|0|0|0|0|0|0|0|0|0|0|0|0|0|0|0|0;0|0|0|0|1|0
621|132|696|192|0|0|0|0|0|0|0|0|0|0|0|0|0|0|0|0|0|0|0|0|0|0|0|0|0|0|0|0|0|0|0|0|0;0|0|0|0|1|0
623|134|696|192|0|0|0|0|0|0|0|0|0|0|0|0|0|0|0|0|0|0|0|0|0|0|0|0|0|0|0|0|0|0|0|0|0;0|0|0|0|1|0
624|136|697|192|0|0|0|0|0|0|0|0|0|0|0|0|0|0|0|0|0|0|0|0|0|0|0|0|0|0|0|0|0|0|0|0|0;0|0|0|0|1|0
626|138|697|192|0|0|0|0|0|0|0|0|0|0|0|0|0|0|0|0|0|0|0|0|0|0|0|0|0|0|0|0|0|0|0|0|0;0|0|0|0|1|0
627|141|698|192|0|0|0|0|0|0|0|0|0|0|0|0|0|0|0|0|0|0|0|0|0|0|0|0|0|0|0|0|0|0|0|0|0;0|0|0|0|1|0
629|144|698|192|0|0|0|0|0|0|0|0|0|0|0|0|0|0|0|0|0|0|0|0|0|0|0|0|0|0|0|0|0|1|1|0|0;0|0|0|0|1|0
630|144|699|192|0|0|0|0|0|0|0|0|0|0|0|0|0|0|0|0|0|0|0|0|0|0|0|0|0|0|0|0|0|1|1|0|0;0|0|0|0|1|0
632|144|699|192|0|0|0|0|0|0|0|0|0|0|0|0|0|0|0|0|0|0|0|0|0|0|0|0|0|0|0|0|1|1|0|0|0;0|0|0|0|1|0
633|144|700|192|0|0|0|0|0|0|0|0|0|0|0|0|0|0|0|0|0|0|0|0|0|0|0|0|0|0|0|0|1|1|0|0|0;0|0|0|0|1|0
635|144|700|192|0|0|0|0|0|0|0|0|0|0|0|0|0|0|0|0|0|0|0|0|0|0|0|0|0|0|0|0|1|1|0|0|0;0|0|0|0|1|0
636|144|701|192|0|0|0|0|0|0|0|0|0|0|0|0|0|0|0|0|0|0|0|0|0|0|0|0|0|0|0|0|1|1|0|0|0;0|0|0|0|1|0
638|144|701|192|0|0|0|0|0|0|0|0|0|0|0|0|0|0|0|0|0|0|0|0|0|0|0|0|0|0|0|0|1|1|0|0|0;0|0|0|0|1|0
639|144|702|192|0|0|0|0|0|0|0|0|0|0|0|0|0|0|0|0|0|0|0|0|0|0|0|0|0|0|0|0|1|1|0|0|0;0|0|0|0|1|0
641|144|702|192|0|0|0|0|0|0|0|0|0|0|0|0|0|0|0|0|0|0|0|0|0|0|0|0|0|0|0|0|1|1|0|0|0;0|0|0|0|1|0
642|145|703|192|0|0|0|0|0|0|0|0|0|0|0|0|0|0|0|0|0|0|0|0|0|0|0|0|0|0|0|0|1|1|0|0|0;0|0|0|0|1|0
644|146|703|192|0|0|0|0|0|0|0|0|0|0|0|0|0|0|0|0|0|0|0|0|0|0|0|0|0|0|0|0|1|1|0|0|0;0|0|0|0|1|0
645|147|704|192|0|0|0|0|0|0|0|0|0|0|0|0|0|0|0|0|0|0|0|0|0|0|0|0|0|0|0|0|1|1|0|0|0;0|0|0|0|1|0
647|149|704|192|0|0|0|0|0|0|0|0|0|0|0|0|0|0|0|0|0|0|0|0|0|0|0|0|0|0|0|0|1|1|0|0|0;0|0|0|0|1|0
648|152|705|192|0|0|0|0|0|0|0|0|0|0|0|0|0|0|0|0|0|0|0|0|0|0|0|0|0|0|0|0|1|0|0|0|0;0|0|0|0|1|0
650|154|705|192|0|0|0|0|0|0|0|0|0|0|0|0|0|0|0|0|0|0|0|0|0|0|0|0|0|0|0|0|1|0|0|0|0;0|0|0|0|1|0
651|157|706|192|0|0|0|0|0|0|0|0|0|0|0|0|0|0|0|0|0|0|0|0|0|0|0|0|0|0|0|0|1|0|0|0|0;0|0|0|0|1|0
653|161|706|192|0|0|0|0|0|0|0|0|0|0|0|0|0|0|0|0|0|0|0|0|0|0|0|1|0|0|0|0|1|0|0|0|0;0|0|0|0|1|0
654|164|707|192|0|0|0|0|0|0|0|0|0|0|0|0|0|0|0|0|0|0|0|0|0|0|0|1|0|0|0|0|1|0|0|0|0;0|0|0|0|1|0
656|168|707|192|0|0|0|0|0|0|0|0|0|0|0|0|0|0|0|0|0|0|0|0|0|0|0|1|0|0|0|0|1|0|0|0|0;0|0|0|0|1|0
657|172|708|192|0|0|0|0|0|0|0|0|0|0|0|0|0|0|0|0|0|0|0|0|0|0|0|1|0|0|0|0|1|0|0|0|0;0|0|0|0|1|0
659|177|708|192|0|0|0|0|0|0|0|0|0|0|0|0|0|0|0|0|0|0|1|0|0|0|0|1|0|0|0|0|1|0|0|0|0;0|0|0|0|1|0
660|181|709|192|0|0|0|0|0|0|0|0|0|0|0|0|0|0|0|0|0|0|1|0|0|0|0|1|0|0|0|0|1|0|0|0|0;0|0|0|0|1|0
662|185|709|192|0|0|0|0|0|0|0|0|0|0|0|0|0|0|0|0|0|0|1|0|0|0|0|1|0|0|0|0|1|0|0|0|0;0|0|0|0|1|0
663|189|710|192|0|0|0|0|0|0|0|0|0|0|0|0|0|0|0|0|0|0|1|0|0|0|0|1|0|0|0|0|1|0|0|0|0;0|0|0|0|1|0
665|192|710|192|0|0|0|0|0|0|0|0|0|0|0|0|0|0|0|0|0|0|0|0|0|0|0|0|0|0|0|0|1|1|1|1|1;0|0|0|0|1|0
666|192|711|192|0|0|0|0|0|0|0|0|0|0|0|0|0|0|0|0|0|0|0|0|0|0|0|0|0|0|0|0|1|1|1|1|1;0|0|0|0|1|0
668|192|711|192|0|0|0|0|0|0|0|0|0|0|0|0|0|0|0|0|0|0|0|0|0|0|0|0|0|0|0|0|1|1|1|1|1;0|0|0|0|1|0
669|192|712|192|0|0|0|0|0|0|0|0|0|0|0|0|0|0|0|0|0|0|0|0|0|0|0|0|0|0|0|0|1|1|1|1|1;0|0|0|0|1|0
671|192|712|192|0|0|0|0|0|0|0|0|0|0|0|0|0|0|0|0|0|0|0|0|0|0|0|0|0|0|0|0|1|1|1|1|1;0|0|0|0|1|0
672|192|713|192|0|0|0|0|0|0|0|0|0|0|0|0|0|0|0|0|0|0|0|0|0|0|0|0|0|0|0|0|1|1|1|1|1;0|0|0|0|1|0
674|192|713|192|0|0|0|0|0|0|0|0|0|0|0|0|0|0|0|0|0|0|0|0|0|0|-1|0|0|0|0|0|1|1|1|1|1;0|0|0|0|1|0
675|192|714|192|0|0|0|0|0|0|0|0|0|0|0|0|0|0|0|0|0|0|0|0|0|0|-1|0|0|0|0|0|1|1|1|1|1;0|0|0|0|1|0
677|192|714|192|817|192|840|192|0|0|0|0|0|0|0|0|0|0|0|0|0|0|0|0|0|0|-1|0|0|0|0|0|1|1|1|1|1;0|0|0|0|1|0
678|192|715|192|816|192|840|192|0|0|0|0|0|0|0|0|0|0|0|0|0|0|0|0|0|0|-1|0|0|0|0|0|1|1|1|1|1;0|0|0|0|1|0
680|192|715|192|816|192|839|192|0|0|0|0|0|0|0|0|0|0|0|0|0|0|0|0|0|0|-1|0|0|0|0|0|1|1|1|1|1;0|0|0|0|1|0
681|192|716|192|815|192|839|192|0|0|0|0|0|0|0|0|0|0|0|0|0|0|0|0|0|0|-1|0|0|0|0|0|1|1|1|1|1;0|0|0|0|1|0
683|192|716|192|815|192|838|192|0|0|0|0|0|0|0|0|0|0|0|0|0|0|0|0|0|0|-1|0|0|0|0|0|1|1|1|1|1;0|0|0|0|1|0
684|192|717|192|814|192|838|192|0|0|0|0|0|0|0|0|0|0|0|0|0|0|0|0|0|0|-1|0|0|0|0|0|1|1|1|1|1;0|0|0|0|1|0
686|192|717|192|814|192|837|192|0|0|0|0|0|0|0|0|0|0|0|0|0|0|0|0|0|0|-1|0|0|0|0|0|1|1|1|1|1;0|0|0|0|1|0
687|192|718|192|813|192|837|192|0|0|0|0|0|0|0|0|0|0|0|0|0|0|0|0|0|0|-1|0|0|0|0|0|1|1|1|1|1;0|0|0|0|1|0
689|188|718|192|813|192|836|192|0|0|0|0|0|0|0|0|0|0|0|0|0|0|0|0|0|0|-1|0|0|0|0|0|0|0|0|0|0;1|0|0|0|1|0
690|184|719|192|812|192|836|192|0|0|0|0|0|0|0|0|0|0|0|0|0|0|0|0|0|0|-1|0|0|0|0|-1|0|0|0|0|0;1|0|0|0|1|0
692|180|719|192|812|192|835|192|0|0|0|0|0|0|0|0|0|0|0|0|0|0|0|0|0|0|0|0|0|0|0|-1|0|0|0|0|0;1|0|0|0|1|0
693|176|720|192|811|192|835|192|0|0|0|0|0|0|0|0|0|0|0|0|0|0|0|0|0|0|0|0|0|0|0|-1|0|0|0|0|0;1|0|0|0|1|0
695|173|719|192|811|192|834|192|0|0|0|0|0|0|0|0|0|0|0|0|0|0|0|0|0|0|0|0|0|0|-1|-1|0|0|0|0|0;1|0|0|0|1|0
696|169|719|192|810|192|834|192|0|0|0|0|0|0|0|0|0|0|0|0|0|0|0|0|0|0|1|0|0|0|-1|1|0|0|0|0|1;1|0|0|0|1|0
698|166|718|192|810|192|833|192|0|0|0|0|0|0|0|0|0|0|0|0|0|0|0|0|0|0|1|0|0|0|0|1|0|0|0|-1|1;1|0|0|0|1|0
699|163|718|192|809|192|833|192|0|0|0|0|0|0|0|0|0|0|0|0|0|0|0|0|0|0|1|0|0|0|0|1|0|0|0|-1|1;1|0|0|0|1|0
701|160|717|192|809|192|832|192|0|0|0|0|0|0|0|0|0|0|0|0|0|0|0|0|0|0|1|0|0|0|0|1|0|0|0|-1|1;1|0|0|0|1|0
702|157|717|192|808|192|832|192|0|0|0|0|0|0|0|0|0|0|0|0|0|0|0|0|0|0|0|0|0|0|0|1|0|0|0|-1|1;1|0|0|0|1|0
704|154|716|192|808|192|831|192|0|0|0|0|0|0|0|0|0|0|0|0|0|0|0|0|0|0|0|0|0|0|0|1|0|0|0|-1|1;1|0|0|0|1|0
705|151|716|192|807|192|831|192|0|0|0|0|0|0|0|0|0|0|0|0|0|0|0|0|0|0|0|0|0|0|0|1|0|0|0|0|1;1|0|0|0|1|0
707|149|715|192|807|192|830|192|0|0|0|0|0|0|0|0|0|0|0|0|0|0|0|0|0|0|0|0|0|0|0|1|0|0|0|0|1;1|0|0|0|1|0
708|146|715|192|806|192|830|192|0|0|0|0|0|0|0|0|0|0|0|0|0|0|0|0|0|0|0|0|0|0|0|1|0|0|0|0|1;1|0|0|0|1|0
710|144|714|192|806|192|829|192|0|0|0|0|0|0|0|0|0|0|0|0|0|0|0|0|0|0|0|0|0|0|0|1|0|0|0|0|1;1|0|0|0|1|0
711|142|714|192|805|192|829|192|0|0|0|0|0|0|0|0|0|0|0|0|0|0|0|0|0|0|0|0|0|0|0|0|0|0|0|0|1;1|0|0|0|1|0
713|139|713|192|805|192|828|192|0|0|0|0|0|0|0|0|0|0|0|0|0|0|0|0|0|0|0|0|0|0|0|0|0|0|0|1|1;1|0|0|0|1|0
714|137|713|192|804|192|828|192|0|0|0|0|0|0|0|0|0|0|0|0|0|0|0|0|0|0|0|0|0|0|0|0|0|0|0|1|1;1|0|0|0|1|0
716|136|712|192|804|192|827|192|0|0|0|0|0|0|0|0|0|0|0|0|0|0|0|0|0|0|0|0|0|0|0|0|0|0|0|1|1;1|0|0|0|1|0
717|134|712|192|803|192|827|192|0|0|0|0|0|0|0|0|0|0|0|0|0|0|0|0|0|0|0|0|0|0|0|0|0|0|0|1|1;1|0|0|0|1|0
719|132|711|192|803|192|826|192|0|0|0|0|0|0|0|0|0|0|0|0|0|0|0|0|0|0|0|0|0|0|0|0|0|0|0|1|1;1|0|0|0|1|0
720|131|711|192|802|192|826|192|0|0|0|0|0|0|0|0|0|0|0|0|0|0|0|0|0|0|0|0|0|0|0|0|0|0|0|1|1;1|0|0|0|1|0
722|129|710|192|802|192|825|192|0|0|0|0|0|0|0|0|0|0|0|0|0|0|0|0|0|0|0|0|0|0|0|0|0|0|0|1|1;1|0|0|0|1|0
723|128|710|192|801|192|825|192|0|0|0|0|0|0|0|0|0|0|0|0|0|0|0|0|0|0|0|0|0|0|0|0|0|0|0|1|1;1|0|0|0|1|0
725|127|709|192|801|192|824|192|0|0|0|0|0|0|0|0|0|0|0|0|0|0|0|0|0|0|0|0|0|0|0|0|0|0|0|0|0;1|0|0|0|1|0
726|126|709|192|800|192|824|192|0|0|0|0|0|0|0|0|0|0|0|0|0|0|0|0|0|0|0|0|0|0|0|0|0|0|0|0|0;1|0|0|0|1|0
728|125|708|192|800|192|823|192|0|0|0|0|0|0|0|0|0|0|0|0|0|0|0|0|0|0|0|0|0|0|0|0|0|0|0|0|0;1|0|0|0|1|0
729|124|708|192|799|192|823|192|0|0|0|0|0|0|0|0|0|0|0|0|0|0|0|0|0|0|0|0|0|0|0|0|0|0|0|0|0;1|0|0|0|1|0
731|123|707|192|799|192|822|192|0|0|0|0|0|0|0|0|0|0|0|0|0|0|0|0|0|0|0|0|0|0|0|0|0|0|0|0|0;1|0|0|0|1|0
732|122|707|192|798|192|822|192|0|0|0|0|0|0|0|0|0|0|0|0|0|0|0|0|0|0|0|0|0|0|0|0|0|0|0|0|0;1|0|0|0|1|0
734|122|706|192|798|192|821|192|0|0|0|0|0|0|0|0|0|0|0|0|0|0|0|0|0|0|0|0|0|0|0|0|0|0|0|0|0;1|0|0|0|1|0
735|122|706|192|797|192|821|192|0|0|0|0|0|0|0|0|0|0|0|0|0|0|0|0|0|0|0|0|0|0|0|0|0|0|0|0|0;1|0|0|0|1|0
737|121|705|192|797|192|820|192|0|0|0|0|0|0|0|0|0|0|0|0|0|0|0|0|0|0|0|0|0|0|0|0|0|0|0|0|0;0|0|0|0|1|0
738|122|705|192|796|192|820|192|0|0|0|0|0|0|0|0|0|0|0|0|0|0|0|0|0|0|0|0|0|0|0|0|0|0|0|0|0;0|0|0|0|1|0
740|122|704|192|796|192|819|192|0|0|0|0|0|0|0|0|0|0|0|0|0|0|0|0|0|0|0|0|0|0|0|0|0|0|0|0|0;0|0|0|0|1|0
741|123|704|192|795|192|819|192|0|0|0|0|0|0|0|0|0|0|0|0|0|0|0|0|0|0|0|0|0|0|0|0|0|0|0|0|0;0|0|0|0|1|0
743|124|703|192|795|192|818|192|0|0|0|0|0|0|0|0|0|0|0|0|0|0|0|0|0|0|0|0|0|0|0|0|0|0|0|0|0;0|0|0|0|1|0
744|126|703|192|794|192|818|192|0|0|0|0|0|0|0|0|0|0|0|0|0|0|0|0|0|0|0|0|0|0|0|0|0|0|0|0|0;0|0|0|0|1|0
746|128|702|192|794|192|817|192|0|0|0|0|0|0|0|0|0|0|0|0|0|0|0|0|0|0|0|0|0|0|0|0|0|1|1|0|0;0|0|0|0|1|0
747|128|702|192|793|192|817|192|0|0|0|0|0|0|0|0|0|0|0|0|0|0|0|0|0|0|0|0|0|0|0|0|0|1|1|0|0;0|0|0|0|1|0
749|128|701|192|793|192|816|192|0|0|0|0|0|0|0|0|0|0|0|0|0|0|0|0|0|0|0|0|0|0|0|0|0|1|1|0|0;0|0|0|0|1|0
750|128|701|192|792|192|816|192|0|0|0|0|0|0|0|0|0|0|0|0|0|0|0|0|0|0|0|0|0|0|0|0|0|1|1|0|0;0|0|0|0|1|0
752|128|700|192|792|192|815|192|0|0|0|0|0|0|0|0|0|0|0|0|0|0|0|0|0|0|0|0|0|0|0|0|0|1|1|0|0;0|0|0|0|1|0
753|128|700|192|791|192|815|192|0|0|0|0|0|0|0|0|0|0|0|0|0|0|0|0|0|0|0|0|0|0|0|0|0|1|1|0|0;0|0|0|0|1|0
755|128|699|192|791|192|814|192|0|0|0|0|0|0|0|0|0|0|0|0|0|0|0|0|0|0|0|0|0|0|0|0|0|1|1|0|0;0|0|0|0|1|0
756|128|699|192|790|192|814|192|0|0|0|0|0|0|0|0|0|0|0|0|0|0|0|0|0|0|0|0|0|0|0|0|0|1|1|0|0;0|0|0|0|1|0
758|128|698|192|790|192|813|192|0|0|0|0|0|0|0|0|0|0|0|0|0|0|0|0|0|0|0|0|0|0|0|0|0|1|1|0|0;0|0|0|0|1|0
759|128|698|192|789|192|813|192|0|0|0|0|0|0|0|0|0|0|0|0|0|0|0|0|0|0|0|0|0|0|0|0|0|1|1|0|0;0|0|0|0|1|0
761|128|697|192|789|192|812|192|0|0|0|0|0|0|0|0|0|0|0|0|0|0|0|0|0|0|0|0|0|0|0|0|1|1|0|0|0;0|0|0|0|1|0
762|128|697|192|788|192|812|192|0|0|0|0|0|0|0|0|0|0|0|0|0|0|0|0|0|0|0|0|0|0|0|0|1|1|0|0|0;0|0|0|0|1|0
764|128|696|192|788|192|811|192|0|0|0|0|0|0|0|0|0|0|0|0|0|0|0|0|0|0|0|0|0|0|0|0|1|1|0|0|0;0|0|0|0|1|0
765|128|696|192|787|192|811|192|0|0|0|0|0|0|0|0|0|0|0|0|0|0|0|0|0|0|0|0|0|0|0|0|1|1|0|0|0;0|0|0|0|1|0
767|128|695|192|787|192|810|192|0|0|0|0|0|0|0|0|0|0|0|0|0|0|0|0|0|0|0|0|0|0|0|0|1|1|0|0|0;0|0|0|0|1|0
768|128|695|192|786|192|810|192|0|0|0|0|0|0|0|0|0|0|0|0|0|0|0|0|0|0|0|0|0|0|0|0|1|1|0|0|0;0|0|0|0|1|0
770|129|694|192|786|192|809|192|0|0|0|0|0|0|0|0|0|0|0|0|0|0|0|0|0|0|0|0|0|0|0|0|1|1|0|0|0;0|0|0|0|1|0
771|130|694|192|785|192|809|192|0|0|0|0|0|0|0|0|0|0|0|0|0|0|0|0|0|0|0|0|0|0|0|0|1|1|0|0|0;0|0|0|0|1|0
773|132|693|192|785|192|808|192|0|0|0|0|0|0|0|0|0|0|0|0|0|0|0|0|0|0|0|0|0|0|0|0|1|1|0|0|0;0|0|0|0|1|0
774|133|693|192|784|192|808|192|0|0|0|0|0|0|0|0|0|0|0|0|0|0|0|0|0|0|0|0|0|0|0|0|1|1|0|0|0;0|0|0|0|1|0
776|136|692|192|784|192|807|192|0|0|0|0|0|0|0|0|0|0|0|0|0|0|0|0|0|0|0|0|0|0|0|0|1|0|0|0|0;0|0|0|0|1|0
777|138|692|192|783|192|807|192|0|0|0|0|0|0|0|0|0|0|0|0|0|0|0|0|0|0|0|0|0|0|0|0|1|0|0|0|0;0|0|0|0|1|0
779|141|691|192|783|192|806|192|0|0|0|0|0|0|0|0|0|0|0|0|0|0|0|0|0|0|0|0|0|0|0|0|1|0|0|0|0;0|0|0|0|1|0
780|145|691|192|782|192|806|192|0|0|0|0|0|0|0|0|0|0|0|0|0|0|0|0|0|0|0|1|0|0|0|0|1|0|0|0|0;0|0|0|0|1|0
782|148|690|192|782|192|805|192|0|0|0|0|0|0|0|0|0|0|0|0|0|0|0|0|0|0|0|1|0|0|0|0|1|0|0|0|0;0|0|0|0|1|0
783|153|690|192|781|192|805|192|0|0|0|0|0|0|0|0|0|0|0|0|0|0|0|0|0|0|0|1|0|0|0|0|1|0|-1|-1|0;0|0|0|0|1|0
785|157|689|192|781|192|804|192|0|0|0|0|0|0|0|0|0|0|0|0|0|0|0|0|0|0|0|1|0|0|0|0|1|0|-1|-1|0;0|0|0|0|1|0
786|161|689|192|780|192|804|192|0|0|0|0|0|0|0|0|0|0|0|0|0|0|1|0|0|0|0|1|0|0|0|0|1|0|-1|-1|0;0|0|0|0|1|0
788|165|688|192|780|192|803|192|0|0|0|0|0|0|0|0|0|0|0|0|0|0|1|0|0|0|0|1|0|0|0|0|1|-1|-1|-1|0;0|0|0|0|1|0
789|169|688|192|779|192|803|192|0|0|0|0|0|0|0|0|0|0|0|0|0|0|1|0|0|0|0|1|-1|0|-1|0|1|0|0|0|0;0|0|0|0|1|0
791|173|687|192|779|192|802|192|0|0|0|0|0|0|0|0|0|0|0|0|0|0|1|0|0|0|0|1|-1|0|-1|0|1|0|0|0|0;0|0|0|0|1|0
792|178|687|192|778|192|802|192|0|0|0|0|0|0|0|0|0|0|0|0|0|0|0|0|0|0|0|0|-1|0|-1|0|0|0|0|0|0;0|0|0|0|1|0
794|182|686|192|778|192|802|192|0|0|0|0|0|0|0|0|0|0|0|0|0|0|0|0|0|0|0|0|-1|-1|-1|0|0|0|0|0|0;0|0|0|0|1|0
795|178|686|192|777|192|802|192|0|0|0|0|0|0|0|0|0|0|0|0|0|0|0|0|0|0|0|0|-1|-1|0|0|0|0|0|0|0;0|0|0|0|1|0
797|175|685|192|777|192|802|192|0|0|0|0|0|0|0|0|0|0|0|0|0|0|0|0|0|0|0|0|-1|-1|0|0|0|0|0|0|0;0|0|0|0|1|0
798|172|685|192|776|192|802|192|0|0|0|0|0|0|0|0|0|0|0|0|0|0|0|0|0|0|0|0|-1|-1|0|0|0|0|0|0|0;0|0|0|0|1|0
800|169|684|192|776|192|802|192|0|0|0|0|0|0|0|0|0|0|0|0|0|0|0|0|0|0|0|-1|-1|-1|0|0|0|0|0|0|0;0|0|0|0|1|0
801|167|684|192|775|192|802|192|0|0|0|0|0|0|0|0|0|0|0|0|0|0|0|0|0|0|0|0|0|0|0|0|-1|0|-1|0|0;0|0|0|0|1|0
803|166|683|192|775|192|802|192|0|0|0|0|0|0|0|0|0|0|0|0|0|0|0|0|0|0|0|0|0|0|0|0|-1|0|-1|0|0;0|0|0|0|1|0
804|164|683|192|774|192|802|192|0|0|0|0|0|0|0|0|0|0|0|0|0|0|0|0|0|0|0|0|0|0|0|0|-1|0|-1|0|0;0|0|0|0|1|0
806|163|682|192|774|192|802|192|0|0|0|0|0|0|0|0|0|0|0|0|0|0|0|0|0|0|0|0|0|0|0|0|-1|0|-1|0|0;0|0|0|0|1|0
807|163|682|192|773|192|802|192|0|0|0|0|0|0|0|0|0|0|0|0|0|0|0|0|0|0|0|0|0|0|0|0|-1|0|-1|0|0;0|0|0|0|1|0
809|162|681|192|773|192|802|192|0|0|0|0|0|0|0|0|0|0|0|0|0|0|0|0|0|0|0|0|0|0|0|0|-1|0|-1|0|0;0|0|0|0|1|0
810|162|681|192|772|192|802|192|0|0|0|0|0|0|0|0|0|0|0|0|0|0|0|0|0|0|0|0|0|0|0|0|-1|-1|-1|0|0;0|0|0|0|1|0
812|163|680|192|772|192|802|192|0|0|0|0|0|0|0|0|0|0|0|0|0|0|0|0|0|0|0|0|0|0|0|0|-1|-1|0|0|0;0|0|0|0|1|0
813|164|680|192|771|192|802|192|0|0|0|0|0|0|0|0|0|0|0|0|0|0|0|0|0|0|0|0|0|0|0|0|0|-1|0|0|0;0|0|0|0|1|0
815|165|679|192|771|192|802|192|0|0|0|0|0|0|0|0|0|0|0|0|0|0|0|0|0|0|0|0|0|0|0|0|0|-1|0|0|0;0|0|0|0|1|0
816|167|679|192|770|192|802|192|0|0|0|0|0|0|0|0|0|0|0|0|0|0|0|0|0|0|0|0|0|0|0|0|0|-1|0|0|0;0|0|0|0|1|0
818|169|678|192|770|192|802|192|0|0|0|0|0|0|0|0|0|0|0|0|0|0|0|0|0|0|0|0|-1|0|0|0|0|0|0|0|0;0|0|0|0|1|0
819|171|678|192|769|192|802|192|0|0|0|0|0|0|0|0|0|0|0|0|0|0|0|0|0|0|0|0|-1|0|0|0|0|0|0|0|0;0|0|0|0|1|0
821|174|677|192|769|192|802|192|0|0|0|0|0|0|0|0|0|0|0|0|0|0|0|0|0|0|0|0|-1|0|0|0|0|0|0|0|0;0|0|0|0|1|0
822|177|677|192|768|192|802|192|0|0|0|0|0|0|0|0|0|0|0|0|0|0|0|0|0|0|0|0|-1|0|0|0|0|0|0|0|0;0|0|0|0|1|0
824|180|676|192|768|192|802|192|0|0|0|0|0|0|0|0|0|0|0|0|0|0|0|0|0|0|0|0|-1|0|0|0|0|0|0|0|0;0|0|0|0|1|0
825|184|676|192|767|192|802|192|0|0|0|0|0|0|0|0|0|0|0|0|0|0|0|-1|0|0|0|0|-1|0|0|0|0|0|0|0|0;0|0|0|0|1|0
827|189|675|192|768|192|802|192|0|0|0|0|0|0|0|0|0|0|0|0|0|0|-1|0|0|0|0|0|0|0|0|0|0|0|0|0|0;0|0|0|0|1|0
828|192|675|192|768|192|802|192|0|0|0|0|0|0|0|0|0|0|0|0|0|0|-1|0|0|0|0|0|0|0|0|0|1|1|1|1|1;0|0|0|0|1|0
830|192|674|192|769|192|802|192|0|0|0|0|0|0|0|0|0|0|0|0|0|0|-1|0|0|0|0|0|0|0|0|0|1|1|1|1|1;0|0|0|0|1|0
831|192|674|192|769|192|802|192|0|0|0|0|0|0|0|0|0|0|0|0|0|0|-1|0|0|0|0|0|0|0|0|0|1|1|1|1|1;0|0|0|0|1|0
833|192|673|192|770|192|802|192|0|0|0|0|0|0|0|0|0|0|0|0|0|0|-1|0|0|0|0|0|0|0|0|0|1|1|1|1|1;0|0|0|0|1|0
834|192|673|192|770|192|802|192|0|0|0|0|0|0|0|0|0|0|0|0|0|0|-1|0|0|0|0|0|0|0|0|0|1|1|1|1|1;0|0|0|0|1|0
836|192|672|192|771|192|802|192|0|0|0|0|0|0|0|0|0|0|0|0|0|0|-1|0|0|0|0|0|0|0|0|0|1|1|1|1|1;0|0|0|0|1|0
837|192|672|192|771|192|802|192|0|0|0|0|0|0|0|0|0|0|0|0|0|0|-1|0|0|0|0|0|0|0|0|0|1|1|1|1|1;0|0|0|0|1|0
839|192|671|192|772|192|802|192|0|0|0|0|0|0|0|0|0|0|0|0|0|0|-1|0|0|0|0|0|0|0|0|0|1|1|1|1|1;0|0|0|0|1|0
840|192|671|192|772|192|802|192|0|0|0|0|0|0|0|0|0|0|0|0|0|0|-1|0|0|0|0|0|0|0|0|0|1|1|1|1|1;0|0|0|0|1|0
842|192|670|192|773|192|802|192|0|0|0|0|0|0|0|0|0|0|0|0|0|0|-1|0|0|0|0|0|0|0|0|0|1|1|1|1|1;0|0|0|0|1|0
843|192|670|192|773|192|802|192|0|0|0|0|0|0|0|0|0|0|0|0|0|0|0|0|0|0|0|0|0|0|0|0|1|1|1|1|1;0|0|0|0|1|0
845|192|669|192|774|192|802|192|0|0|0|0|0|0|0|0|0|0|0|0|0|0|0|0|0|0|0|0|0|0|0|0|1|1|1|1|1;0|0|0|0|1|0
846|192|669|192|774|192|802|192|0|0|0|0|0|0|0|0|0|0|0|0|0|0|0|0|0|0|0|0|0|0|0|0|1|1|1|1|1;0|0|0|0|1|0
848|192|668|192|775|192|802|192|0|0|0|0|0|0|0|0|0|0|0|0|0|0|0|0|0|0|0|0|0|0|0|0|1|1|1|1|1;0|0|0|0|1|0
849|192|668|192|775|192|802|192|0|0|0|0|0|0|0|0|0|0|0|0|0|0|0|0|0|0|0|0|0|0|0|0|1|1|1|1|1;0|0|0|0|1|0
851|192|667|192|776|192|802|192|0|0|0|0|0|0|0|0|0|0|0|0|0|0|0|0|0|0|0|0|0|0|0|0|1|1|1|1|1;0|0|0|0|1|0
852|192|667|192|776|192|0|0|0|0|0|0|0|0|0|0|0|0|0|0|0|0|0|0|0|0|0|0|0|0|0|0|1|1|1|1|1;0|0|0|0|1|0
854|192|666|192|777|192|0|0|0|0|0|0|0|0|0|0|0|0|0|0|0|0|0|0|0|0|0|0|0|0|0|0|1|1|1|1|1;0|0|0|0|1|0
855|192|0|0|777|192|0|0|0|0|0|0|0|0|0|0|0|0|0|0|0|0|0|0|0|0|0|0|0|0|0|0|1|1|1|1|1;0|0|0|0|1|0
857|192|0|0|778|192|0|0|0|0|0|0|0|0|0|0|0|0|0|0|0|0|0|0|0|0|0|0|0|0|0|0|1|1|1|1|1;0|0|0|0|1|0
858|192|0|0|778|192|0|0|0|0|0|0|0|0|0|0|0|0|0|0|0|0|0|0|0|0|0|0|0|0|0|0|1|1|1|1|1;0|0|0|0|1|0
860|192|0|0|779|192|0|0|0|0|0|0|0|0|0|0|0|0|0|0|0|0|0|0|0|0|0|0|0|0|0|0|1|1|1|1|1;0|0|0|0|1|0
861|192|0|0|779|192|0|0|0|0|0|0|0|0|0|0|0|0|0|0|0|0|0|0|0|0|0|0|0|0|0|0|1|1|1|1|1;0|0|0|0|1|0
863|192|0|0|780|192|0|0|0|0|0|0|0|0|0|0|0|0|0|0|0|0|0|0|0|0|0|0|0|0|0|0|1|1|1|1|1;0|0|0|0|1|0
864|192|0|0|780|192|0|0|0|0|0|0|0|0|0|0|0|0|0|0|0|0|0|0|0|0|0|0|0|0|0|0|1|1|1|1|1;0|0|0|0|1|0
866|192|0|0|781|192|0|0|0|0|0|0|0|0|0|0|0|0|0|0|0|0|0|0|0|0|0|0|0|0|0|0|1|1|1|1|1;0|0|0|0|1|0
867|192|0|0|781|192|0|0|0|0|0|0|0|0|0|0|0|0|0|0|0|0|0|0|0|0|0|0|0|0|0|0|1|1|1|1|1;0|0|0|0|1|0
869|192|0|0|782|192|0|0|0|0|0|0|0|0|0|0|0|0|0|0|0|0|0|0|0|0|0|0|0|0|0|0|1|1|1|1|1;0|0|0|0|1|0
870|192|0|0|782|192|0|0|0|0|0|0|0|0|0|0|0|0|0|0|0|0|0|0|0|0|0|0|0|0|0|0|1|1|1|1|1;0|0|0|0|1|0
872|192|0|0|783|192|0|0|0|0|0|0|0|0|0|0|1|0|0|0|0|1|0|0|0|0|1|0|0|0|0|1|1|1|1|1|1;0|0|0|0|1|0
873|188|0|0|783|192|0|0|0|0|0|0|0|0|0|0|0|0|0|0|0|1|0|0|0|0|1|0|0|0|0|1|0|0|0|0|1;1|0|0|0|1|0
875|184|0|0|784|192|0|0|0|0|0|0|0|0|0|0|0|0|0|0|0|1|0|0|0|0|1|0|0|0|0|1|0|0|0|0|1;1|0|0|0|1|0
876|180|0|0|784|192|0|0|0|0|0|0|0|0|0|0|0|0|0|0|0|1|0|0|0|0|1|0|0|0|0|1|0|0|0|0|1;1|0|0|0|1|0
878|176|0|0|785|192|0|0|0|0|0|0|0|0|0|0|0|0|0|0|0|1|0|0|0|0|1|0|0|0|0|1|0|0|0|0|1;1|0|0|0|1|0
879|173|0|0|785|192|0|0|0|0|0|0|0|0|0|0|0|0|0|0|0|0|0|0|0|0|1|0|0|0|0|1|0|0|0|0|1;1|0|0|0|1|0
881|169|0|0|786|192|0|0|0|0|0|0|0|0|0|0|0|0|0|0|0|0|0|0|0|0|1|0|0|0|0|1|0|0|0|0|1;1|0|0|0|1|0
882|166|0|0|786|192|0|0|0|0|0|0|0|0|0|0|0|0|0|0|0|0|0|0|0|0|1|0|0|0|0|1|0|0|0|0|1;1|0|0|0|1|0
884|163|0|0|787|192|0|0|0|0|0|0|0|0|0|0|0|0|0|0|0|0|0|0|0|0|1|0|0|0|0|1|0|0|0|0|1;1|0|0|0|1|0
885|160|0|0|787|192|0|0|0|0|0|0|0|0|0|0|0|0|0|0|0|0|0|0|0|0|1|0|0|0|0|1|0|0|0|0|1;1|0|0|0|1|0
887|157|0|0|788|192|0|0|0|0|0|0|0|0|0|0|0|0|0|0|0|0|0|0|0|0|0|0|0|0|0|1|0|0|0|0|1;1|0|0|0|1|0
888|154|0|0|788|192|0|0|0|0|0|0|0|0|0|0|0|0|0|0|0|0|0|0|0|0|0|0|0|0|1|1|0|0|0|1|1;1|0|0|0|1|0
890|151|0|0|789|192|0|0|0|0|0|0|0|0|0|0|0|0|0|0|0|0|0|0|0|0|0|0|0|0|1|1|0|0|0|1|1;1|0|0|0|1|0
891|149|0|0|789|192|0|0|0|0|0|0|0|0|0|0|0|0|0|0|0|0|0|0|0|0|0|0|0|0|1|1|0|0|0|1|1;1|0|0|0|1|0
893|146|0|0|790|192|0|0|0|0|0|0|0|0|0|0|0|0|0|0|0|0|0|0|0|0|0|0|0|0|1|1|0|0|0|1|1;1|0|0|0|1|0
894|144|0|0|790|192|0|0|0|0|0|0|0|0|0|0|0|0|0|0|0|0|0|0|0|0|0|0|0|0|1|1|0|0|0|1|1;1|0|0|0|1|0
896|142|0|0|791|192|0|0|0|0|0|0|0|0|0|0|0|0|0|0|0|0|0|0|0|0|0|0|0|0|0|0|0|0|0|1|1;1|0|0|0|1|0
897|139|0|0|791|192|0|0|0|0|0|0|0|0|0|0|0|0|0|0|0|0|0|0|0|0|0|0|0|0|0|0|0|0|0|1|1;1|0|0|0|1|0
898|137|0|0|792|192|0|0|0|0|0|0|0|0|0|0|0|0|0|0|0|0|0|0|0|0|0|0|0|0|0|0|0|0|0|1|1;1|0|0|0|1|0
898|136|0|0|792|192|0|0|0|0|0|0|0|0|0|0|0|0|0|0|0|0|0|0|0|0|0|0|0|0|0|0|0|0|0|1|1;1|0|0|0|1|0
898|134|0|0|793|192|0|0|0|0|0|0|0|0|0|0|0|0|0|0|0|0|0|0|0|0|0|0|0|0|0|0|0|0|0|1|1;1|0|0|0|1|0
898|132|0|0|793|192|0|0|0|0|0|0|0|0|0|0|0|0|0|0|0|0|0|0|0|0|0|0|0|0|0|0|0|0|0|1|1;1|0|0|0|1|0
898|131|0|0|794|192|0|0|0|0|0|0|0|0|0|0|0|0|0|0|0|0|0|0|0|0|0|0|0|0|0|0|0|0|0|1|1;1|0|0|0|1|0
898|129|0|0|794|192|0|0|0|0|0|0|0|0|0|0|0|0|0|0|0|0|0|0|0|0|0|0|0|0|0|0|0|0|0|1|1;1|0|0|0|1|0
898|128|0|0|795|192|0|0|0|0|0|0|0|0|0|0|0|0|0|0|0|0|0|0|0|0|0|0|0|0|0|0|0|0|0|1|1;1|0|0|0|1|0
899|127|0|0|795|192|0|0|0|0|0|0|0|0|0|0|0|0|0|0|0|0|0|0|0|0|0|0|0|0|0|0|0|0|0|0|0;1|0|0|0|1|0
899|126|0|0|796|192|0|0|0|0|0|0|0|0|0|0|0|0|0|0|0|0|0|0|0|0|0|0|0|0|0|0|0|0|0|0|0;1|0|0|0|1|0
899|125|0|0|796|192|0|0|0|0|0|0|0|0|0|0|0|0|0|0|0|0|0|0|0|0|0|0|0|0|0|0|0|0|0|0|0;1|0|0|0|1|0
900|124|0|0|797|192|0|0|0|0|0|0|0|0|0|0|0|0|0|0|0|0|0|0|0|0|0|0|0|0|0|0|0|0|0|0|0;1|0|0|0|1|0
900|123|0|0|797|192|0|0|0|0|0|0|0|0|0|0|0|0|0|0|0|0|0|0|0|0|0|0|0|0|0|0|0|0|0|0|0;1|0|0|0|1|0
900|122|0|0|798|192|0|0|0|0|0|0|0|0|0|0|0|0|0|0|0|0|0|0|0|0|0|0|0|0|0|0|0|0|0|0|0;1|0|0|0|1|0
901|122|0|0|798|192|0|0|0|0|0|0|0|0|0|0|0|0|0|0|0|0|0|0|0|0|0|0|0|0|0|0|0|0|0|0|0;0|0|0|0|1|0
901|122|0|0|799|192|0|0|0|0|0|0|0|0|0|0|0|0|0|0|0|0|0|0|0|0|0|0|0|0|0|0|0|0|0|0|0;0|0|0|0|1|0
902|122|0|0|799|192|0|0|0|0|0|0|0|0|0|0|0|0|0|0|0|0|0|0|0|0|0|0|0|0|0|0|0|0|0|0|0;0|0|0|0|1|0
903|123|0|0|800|192|0|0|0|0|0|0|0|0|0|0|0|0|0|0|0|0|0|0|0|0|0|0|0|0|0|0|0|0|0|0|0;0|0|0|0|1|0
903|124|0|0|800|192|0|0|0|0|0|0|0|0|0|0|0|0|0|0|0|0|0|0|0|0|0|0|0|0|0|0|0|0|0|0|0;0|0|0|0|1|0
904|125|0|0|801|192|0|0|0|0|0|0|0|0|0|0|0|0|0|0|0|0|0|0|0|0|0|0|0|0|0|0|0|0|0|0|0;0|0|0|0|1|0
905|127|0|0|801|192|0|0|0|0|0|0|0|0|0|0|0|0|0|0|0|0|0|0|0|0|0|0|0|0|0|0|0|0|0|0|0;0|0|0|0|1|0
905|128|0|0|802|192|0|0|0|0|0|0|0|0|0|0|0|0|0|0|0|0|0|0|0|0|0|0|0|0|0|0|0|0|1|1|0;0|0|0|0|1|0
906|128|0|0|802|192|0|0|0|0|0|0|0|0|0|0|0|0|0|0|0|0|0|0|0|0|0|0|0|0|0|0|0|0|1|1|0;0|0|0|0|1|0
907|128|0|0|803|192|0|0|0|0|0|0|0|0|0|0|0|0|0|0|0|0|0|0|0|0|0|0|0|0|0|0|0|0|1|1|0;0|0|0|0|1|0
908|128|0|0|803|192|0|0|0|0|0|0|0|0|0|0|0|0|0|0|0|0|0|0|0|0|0|0|0|0|0|0|0|0|1|1|0;0|0|0|0|1|0
909|128|0|0|804|192|0|0|0|0|0|0|0|0|0|0|0|0|0|0|0|0|0|0|0|0|0|0|0|0|0|0|0|0|1|1|0;0|0|0|0|1|0
910|128|0|0|804|192|0|0|0|0|0|0|0|0|0|0|0|0|0|0|0|0|0|0|0|0|0|0|0|0|0|0|0|0|1|1|0;0|0|0|0|1|0
910|128|0|0|805|192|0|0|0|0|0|0|0|0|0|0|0|0|0|0|0|0|0|0|0|0|0|0|0|0|0|0|0|0|1|1|0;0|0|0|0|1|0
911|128|0|0|805|192|0|0|0|0|0|0|0|0|0|0|0|0|0|0|0|0|0|0|0|0|0|0|0|0|0|0|0|0|1|1|0;0|0|0|0|1|0
913|128|0|0|806|192|0|0|0|0|0|0|0|0|0|0|0|0|0|0|0|0|0|0|0|0|0|0|0|0|0|0|0|0|1|1|0;0|0|0|0|1|0
914|128|0|0|806|192|0|0|0|0|0|0|0|0|0|0|0|0|0|0|0|0|0|0|0|0|0|0|0|0|0|0|0|0|1|1|0;0|0|0|0|1|0
915|128|0|0|807|192|0|0|0|0|0|0|0|0|0|0|0|0|0|0|0|0|0|0|0|0|0|0|0|0|0|0|0|0|1|1|0;0|0|0|0|1|0
916|128|0|0|807|192|0|0|0|0|0|0|0|0|0|0|0|0|0|0|0|0|0|0|0|0|0|0|0|0|0|0|0|0|1|1|0;0|0|0|0|1|0
917|128|0|0|808|192|0|0|0|0|0|0|0|0|0|0|0|0|0|0|0|0|0|0|0|0|0|0|0|0|0|0|0|0|1|1|0;0|0|0|0|1|0
918|128|0|0|808|192|0|0|0|0|0|0|0|0|0|0|0|0|0|0|0|0|0|0|0|0|0|0|0|0|0|0|0|0|1|1|0;0|0|0|0|1|0
919|128|0|0|809|192|0|0|0|0|0|0|0|0|0|0|0|0|0|0|0|0|0|0|0|0|0|0|0|0|0|0|0|0|1|1|0;0|0|0|0|1|0
921|128|0|0|809|192|0|0|0|0|0|0|0|0|0|0|0|0|0|0|0|0|0|0|0|0|0|0|0|0|0|0|0|1|1|0|0;0|0|0|0|1|0
922|128|0|0|810|192|0|0|0|0|0|0|0|0|0|0|0|0|0|0|0|0|0|0|0|0|0|0|0|0|0|0|0|1|1|0|0;0|0|0|0|1|0
923|128|0|0|810|192|0|0|0|0|0|0|0|0|0|0|0|0|0|0|0|0|0|0|0|0|0|0|0|0|0|0|0|1|1|0|0;0|0|0|0|1|0
925|128|0|0|811|192|0|0|0|0|0|0|0|0|0|0|0|0|0|0|0|0|0|0|0|0|0|0|0|0|0|0|0|1|1|0|0;0|0|0|0|1|0
926|128|0|0|811|192|0|0|0|0|0|0|0|0|0|0|0|0|0|0|0|0|0|0|0|0|0|0|0|0|0|0|0|1|1|0|0;0|0|0|0|1|0
928|128|0|0|812|192|0|0|0|0|0|0|0|0|0|0|0|0|0|0|0|0|0|0|0|0|0|0|0|0|0|0|0|1|1|0|0;0|0|0|0|1|0
929|128|0|0|812|192|0|0|0|0|0|0|0|0|0|0|0|0|0|0|0|0|0|0|0|0|0|0|0|0|0|0|0|1|1|0|0;0|0|0|0|1|0
931|128|0|0|813|192|0|0|0|0|0|0|0|0|0|0|0|0|0|0|0|0|0|0|0|0|0|0|0|0|0|0|0|1|1|0|0;0|0|0|0|1|0
932|128|0|0|813|192|0|0|0|0|0|0|0|0|0|0|0|0|0|0|0|0|0|0|0|0|0|0|0|0|0|0|0|1|1|0|0;0|0|0|0|1|0
934|128|0|0|814|192|0|0|0|0|0|0|0|0|0|0|0|0|0|0|0|0|0|0|0|0|0|0|0|0|0|0|0|1|1|0|0;0|0|0|0|1|0
935|128|0|0|814|192|0|0|0|0|0|0|0|0|0|0|0|0|0|0|0|0|0|0|0|0|0|0|0|0|0|0|0|1|1|0|0;0|0|0|0|1|0
937|128|0|0|815|192|0|0|0|0|0|0|0|0|0|0|0|0|0|0|0|0|0|0|0|0|0|0|0|0|0|0|1|1|0|0|0;0|0|0|0|1|0
938|128|0|0|815|192|0|0|0|0|0|0|0|0|0|0|0|0|0|0|0|0|0|0|0|0|0|0|0|0|0|0|1|1|0|0|0;0|0|0|0|1|0
940|128|0|0|816|192|0|0|0|0|0|0|0|0|0|0|0|0|0|0|0|0|0|0|0|0|0|0|0|0|0|0|1|1|0|0|0;0|0|0|0|1|0
941|128|0|0|816|192|0|0|0|0|0|0|0|0|0|0|0|0|0|0|0|0|0|0|0|0|0|0|0|0|0|0|1|1|0|0|0;0|0|0|0|1|0
943|128|0|0|817|192|0|0|0|0|0|0|0|0|0|0|0|0|0|0|0|0|0|0|0|0|0|0|0|0|0|0|1|1|0|0|0;0|0|0|0|1|0
944|128|0|0|817|192|0|0|0|0|0|0|0|0|0|0|0|0|0|0|0|0|0|0|0|0|0|0|0|0|0|0|1|1|0|0|0;0|0|0|0|1|0
946|129|0|0|818|192|0|0|0|0|0|0|0|0|0|0|0|0|0|0|0|0|0|0|0|0|0|0|0|0|0|0|1|1|0|0|0;0|0|0|0|1|0
947|130|0|0|818|192|0|0|0|0|0|0|0|0|0|0|0|0|0|0|0|0|0|0|0|0|0|0|0|0|0|0|1|1|0|0|0;0|0|0|0|1|0
949|132|0|0|819|192|0|0|0|0|0|0|0|0|0|0|0|0|0|0|0|0|0|0|0|0|0|0|0|0|0|0|1|1|0|0|0;0|0|0|0|1|0
950|134|0|0|819|192|0|0|0|0|0|0|0|0|0|0|0|0|0|0|0|0|0|0|0|0|0|0|0|0|0|0|1|1|0|0|0;0|0|0|0|1|0
952|136|0|0|820|192|0|0|0|0|0|0|0|0|0|0|0|0|0|0|0|0|0|0|0|0|0|0|0|0|0|0|1|0|0|0|0;0|0|0|0|1|0
953|139|0|0|820|192|0|0|0|0|0|0|0|0|0|0|0|0|0|0|0|0|0|0|0|0|0|0|0|0|0|0|1|0|0|0|0;0|0|0|0|1|0
955|142|0|0|821|192|0|0|0|0|0|0|0|0|0|0|0|0|0|0|0|0|0|0|0|0|0|0|0|0|0|0|1|0|0|0|0;0|0|0|0|1|0
956|145|0|0|821|192|0|0|0|0|0|0|0|0|0|0|0|0|0|0|0|0|0|0|0|0|0|1|0|0|0|0|1|0|0|0|0;0|0|0|0|1|0
958|149|0|0|822|192|0|0|0|0|0|0|0|0|0|0|0|0|0|0|0|0|0|0|0|0|0|1|0|0|0|0|1|0|0|0|0;0|0|0|0|1|0
959|153|0|0|822|192|0|0|0|0|0|0|0|0|0|0|0|0|0|0|0|0|0|0|0|0|0|1|0|0|0|0|1|0|0|0|0;0|0|0|0|1|0
961|157|0|0|823|192|0|0|0|0|0|0|0|0|0|0|0|0|0|0|0|0|0|0|0|0|0|1|0|0|0|0|1|0|0|0|0;0|0|0|0|1|0
962|161|0|0|823|192|0|0|0|0|0|0|0|0|0|0|0|0|0|0|0|0|1|0|0|0|0|1|0|0|0|0|1|0|0|0|0;0|0|0|0|1|0
964|165|0|0|824|192|0|0|0|0|0|0|0|0|0|0|0|0|0|0|0|0|1|0|0|0|0|1|0|0|0|0|1|0|0|0|0;0|0|0|0|1|0
965|170|0|0|824|192|0|0|0|0|0|0|0|0|0|0|0|0|0|0|0|0|1|0|0|0|0|1|0|0|0|0|1|0|0|0|0;0|0|0|0|1|0
967|174|0|0|825|192|0|0|0|0|0|0|0|0|0|0|0|0|0|0|0|0|1|0|0|0|0|1|0|0|0|0|1|0|0|0|0;0|0|0|0|1|0
968|178|0|0|825|192|0|0|0|0|0|0|0|0|0|0|0|0|0|0|0|0|0|0|0|0|0|0|0|0|0|0|0|0|0|0|0;0|0|0|0|1|0
970|182|0|0|826|192|0|0|0|0|0|0|0|0|0|0|0|0|0|0|0|0|0|0|0|0|0|0|0|0|0|0|0|0|0|0|0;0|0|0|0|1|0
971|186|0|0|826|192|0|0|0|0|0|0|0|0|0|0|0|0|0|0|0|0|0|0|0|0|0|0|0|0|0|0|0|0|0|0|0;0|0|0|0|1|0
973|190|0|0|827|192|0|0|0|0|0|0|0|0|0|0|0|0|0|0|0|0|0|0|0|0|0|0|0|0|0|0|0|0|0|0|0;0|0|0|0|1|0
974|192|0|0|827|192|0|0|0|0|0|0|0|0|0|0|0|0|0|0|0|0|0|0|0|0|0|0|0|0|0|0|1|1|1|1|1;0|0|0|0|1|0
976|192|0|0|828|192|0|0|0|0|0|0|0|0|0|0|0|0|0|0|0|0|0|0|0|0|0|0|0|0|0|0|1|1|1|1|1;0|0|0|0|1|0
977|192|0|0|828|192|0|0|0|0|0|0|0|0|0|0|0|0|0|0|0|0|0|0|0|0|0|0|0|0|0|0|1|1|1|1|1;0|0|0|0|1|0
979|192|0|0|829|192|0|0|0|0|0|0|0|0|0|0|0|0|0|0|0|0|0|0|0|0|0|0|0|0|0|0|1|1|1|1|1;0|0|0|0|1|0
980|192|0|0|829|192|0|0|0|0|0|0|0|0|0|0|0|0|0|0|0|0|0|0|0|0|0|0|0|0|0|0|1|1|1|1|1;0|0|0|0|1|0
982|192|0|0|830|192|0|0|0|0|0|0|0|0|0|0|0|0|0|0|0|0|0|0|0|0|0|0|0|0|0|0|1|1|1|1|1;0|0|0|0|1|0
983|192|0|0|830|192|0|0|0|0|0|0|0|0|0|0|0|0|0|0|0|0|0|0|0|0|0|0|0|0|0|0|1|1|1|1|1;0|0|0|0|1|0
985|192|0|0|831|192|0|0|0|0|0|0|0|0|0|0|0|0|0|0|0|0|0|0|0|0|0|0|0|0|0|0|1|1|1|1|1;0|0|0|0|1|0
986|192|0|0|831|192|0|0|0|0|0|0|0|0|0|0|0|0|0|0|0|0|0|0|0|0|0|0|0|0|0|0|1|1|1|1|1;0|0|0|0|1|0
988|192|0|0|832|192|0|0|0|0|0|0|0|0|0|0|0|0|0|0|0|0|0|0|0|0|0|0|0|0|0|0|1|1|1|1|1;0|0|0|0|1|0
989|192|0|0|832|192|0|0|0|0|0|0|0|0|0|0|0|0|0|0|0|0|0|0|0|0|0|0|0|0|0|0|1|1|1|1|1;0|0|0|0|1|0
991|192|0|0|833|192|0|0|0|0|0|0|0|0|0|0|0|0|0|0|0|0|0|0|0|0|0|0|0|0|0|0|1|1|1|1|1;0|0|0|0|1|0
992|192|0|0|833|192|0|0|0|0|0|0|0|0|0|0|0|0|0|0|0|0|0|0|0|0|0|0|0|0|0|0|1|1|1|1|1;0|0|0|0|1|0
994|192|0|0|834|192|0|0|0|0|0|0|0|0|0|0|0|0|0|0|0|0|0|0|0|0|0|0|0|0|0|0|1|1|1|1|1;0|0|0|0|1|0
995|192|0|0|834|192|0|0|0|0|0|0|0|0|0|0|0|0|0|0|0|0|0|0|0|0|0|0|0|0|0|0|1|1|1|1|1;0|0|0|0|1|0
997|192|0|0|835|192|0|0|0|0|0|0|0|0|0|0|0|0|0|0|0|0|0|0|0|0|0|0|0|0|0|0|1|1|1|1|1;0|0|0|0|1|0
998|192|0|0|835|192|0|0|0|0|0|0|0|0|0|0|0|0|0|0|0|0|0|0|0|0|0|0|0|0|0|0|1|1|1|1|1;0|0|0|0|1|0
1000|192|0|0|836|192|0|0|0|0|0|0|0|0|0|0|0|0|0|0|0|0|0|0|0|0|0|0|0|0|0|0|1|1|1|1|1;0|0|0|0|1|0
1001|192|0|0|836|192|0|0|0|0|0|0|0|0|0|0|0|0|0|0|0|0|0|0|0|0|0|0|0|0|0|0|1|1|1|1|1;0|0|0|0|1|0
1003|192|0|0|837|192|0|0|0|0|0|0|0|0|0|0|0|0|0|0|0|0|0|0|0|0|0|0|0|0|0|0|1|1|1|1|1;0|0|0|0|1|0
1004|192|0|0|837|192|0|0|0|0|0|0|0|0|0|0|0|0|0|0|0|0|0|0|0|0|0|0|0|0|0|0|1|1|1|1|1;0|0|0|0|1|0
1006|192|0|0|838|192|0|0|0|0|0|0|0|0|0|0|0|0|0|0|0|0|0|0|0|0|0|0|0|0|0|0|1|1|1|1|1;0|0|0|0|1|0
1007|192|0|0|838|192|0|0|0|0|0|0|0|0|0|0|0|0|0|0|0|0|0|0|0|0|0|0|0|0|0|0|1|1|1|1|1;0|0|0|0|1|0
1009|192|0|0|839|192|0|0|0|0|0|0|0|0|0|0|0|0|0|0|0|0|0|0|0|0|0|0|0|0|0|0|1|1|1|1|1;0|0|0|0|1|0
1010|192|0|0|839|192|0|0|0|0|0|0|0|0|0|0|0|0|0|0|0|0|0|0|0|0|0|0|0|0|0|0|1|1|1|1|1;0|0|0|0|1|0
1012|192|0|0|840|192|0|0|0|0|0|0|0|0|0|0|0|0|0|0|0|0|0|0|0|0|0|0|0|0|0|0|1|1|1|1|1;0|0|0|0|1|0
1013|192|0|0|840|192|0|0|0|0|0|0|0|0|0|0|0|0|0|0|0|0|0|0|0|0|0|0|0|0|0|0|1|1|1|1|1;0|0|0|0|1|0
1015|192|0|0|841|192|0|0|0|0|0|0|0|0|0|0|0|0|0|0|0|0|0|0|0|0|0|0|0|0|0|0|1|1|1|1|1;0|0|0|0|1|0
1016|192|0|0|841|192|0|0|0|0|0|0|0|0|0|0|0|0|0|0|0|0|0|0|0|0|0|0|0|0|0|0|1|1|1|1|1;0|0|0|0|1|0
1018|192|0|0|842|192|0|0|0|0|0|0|0|0|0|0|0|0|0|0|0|0|0|0|0|0|0|0|0|0|0|0|1|1|1|1|1;0|0|0|0|1|0
1019|192|0|0|842|192|0|0|0|0|0|0|0|0|0|0|0|0|0|0|0|0|0|0|0|0|0|0|0|0|0|0|1|1|1|1|1;0|0|0|0|1|0
1021|192|0|0|843|192|0|0|0|0|0|0|0|0|0|0|0|0|0|0|0|0|0|0|0|0|0|0|0|0|0|0|1|1|1|1|1;0|0|0|0|1|0
1022|192|0|0|843|192|0|0|0|0|0|0|0|0|0|0|0|0|0|0|0|0|0|0|0|0|0|0|0|0|0|0|1|1|1|1|1;0|0|0|0|1|0
1024|192|0|0|844|192|0|0|0|0|0|0|0|0|0|0|0|0|0|0|0|0|0|0|0|0|0|0|0|0|0|0|1|1|1|1|1;0|0|0|0|1|0
1025|192|0|0|844|192|0|0|0|0|0|0|0|0|0|0|0|0|0|0|0|0|0|0|0|0|0|0|0|0|0|0|1|1|1|1|1;0|0|0|0|1|0
1027|192|0|0|845|192|0|0|0|0|0|0|0|0|0|0|0|0|0|0|0|0|0|0|0|0|0|0|0|0|0|0|1|1|1|1|1;0|0|0|0|1|0
1028|192|0|0|845|192|0|0|0|0|0|0|0|0|0|0|0|0|0|0|0|0|0|0|0|0|0|0|0|0|0|0|1|1|1|1|1;0|0|0|0|1|0
1030|192|0|0|846|192|0|0|0|0|0|0|0|0|0|0|0|0|0|0|0|0|0|0|0|0|0|0|0|0|0|0|1|1|1|1|1;0|0|0|0|1|0
1031|192|0|0|846|192|0|0|0|0|0|0|0|0|0|0|0|0|0|0|0|0|0|0|0|0|0|0|0|0|0|0|1|1|1|1|1;0|0|0|0|1|0
1033|192|0|0|847|192|0|0|0|0|0|0|0|0|0|0|0|0|0|0|0|0|0|0|0|0|0|0|0|0|0|0|1|1|1|1|1;0|0|0|0|1|0
1034|192|0|0|847|192|0|0|0|0|0|0|0|0|0|0|0|0|0|0|0|0|0|0|0|0|0|0|0|0|0|0|1|1|1|1|1;0|0|0|0|1|0
1036|192|0|0|848|192|0|0|0|0|0|0|0|0|0|0|0|0|0|0|0|0|0|0|0|0|0|0|0|0|0|0|1|1|1|1|1;0|0|0|0|1|0
1037|192|0|0|848|192|0|0|0|0|0|0|0|0|0|0|0|0|0|0|0|0|0|0|0|0|0|0|0|0|0|0|1|1|1|1|1;0|0|0|0|1|0
1039|192|0|0|849|192|0|0|0|0|0|0|0|0|0|0|0|0|0|0|0|0|0|0|0|0|0|0|0|0|0|0|1|1|1|1|1;0|0|0|0|1|0
1040|192|0|0|849|192|0|0|0|0|0|0|0|0|0|0|0|0|0|0|0|0|0|0|0|0|0|0|0|0|0|0|1|1|1|1|1;0|0|0|0|1|0
1042|192|0|0|0|0|0|0|0|0|0|0|0|0|0|0|0|0|0|0|0|0|0|0|0|0|0|0|0|0|0|0|1|1|1|1|1;0|0|0|0|1|0
1043|192|0|0|0|0|0|0|0|0|0|0|0|0|0|0|0|0|0|0|0|0|0|0|0|0|0|0|0|0|0|0|1|1|1|1|1;0|0|0|0|1|0
1045|192|0|0|0|0|0|0|0|0|0|0|0|0|0|0|0|0|0|0|0|0|0|0|0|0|0|0|0|0|0|0|1|1|1|1|1;0|0|0|0|1|0
1046|192|0|0|0|0|0|0|0|0|0|0|0|0|0|0|0|0|0|0|0|0|0|0|0|0|0|0|0|0|0|0|1|1|1|1|1;0|0|0|0|1|0
1048|192|0|0|0|0|0|0|0|0|0|0|0|0|0|0|0|0|0|0|0|0|0|0|0|0|0|0|0|0|0|0|1|1|1|1|1;0|0|0|0|1|0
1049|192|0|0|0|0|0|0|0|0|0|0|0|0|0|0|0|0|0|0|0|0|0|0|0|0|0|0|0|0|0|0|1|1|1|1|1;0|0|0|0|1|0
1051|192|0|0|0|0|0|0|0|0|0|0|0|0|0|0|0|0|0|0|0|0|0|0|0|0|0|0|0|0|0|0|1|1|1|1|1;0|0|0|0|1|0
1052|192|0|0|0|0|0|0|0|0|0|0|0|0|0|0|0|0|0|0|0|0|0|0|0|0|0|0|0|0|0|0|1|1|1|1|1;0|0|0|0|1|0
1054|192|0|0|0|0|0|0|0|0|0|0|0|0|0|0|0|0|0|0|0|0|0|0|0|0|0|0|0|0|0|0|1|1|1|1|1;0|0|0|0|1|0
1055|192|0|0|0|0|0|0|0|0|0|0|0|0|0|0|0|0|0|0|0|0|0|0|0|0|0|0|0|0|0|0|1|1|1|1|1;0|0|0|0|1|0
1057|192|0|0|0|0|0|0|0|0|0|0|0|0|0|0|0|0|0|0|0|0|0|0|0|0|0|0|0|0|0|0|1|1|1|1|1;0|0|0|0|1|0
1058|192|0|0|0|0|0|0|0|0|0|0|0|0|0|0|0|0|0|0|0|0|0|0|0|0|0|0|0|0|0|0|1|1|1|1|1;0|0|0|0|1|0
1060|192|0|0|0|0|0|0|0|0|0|0|0|0|0|0|0|0|0|0|0|0|0|0|0|0|0|0|0|0|0|0|1|1|1|1|1;0|0|0|0|1|0
1061|192|0|0|0|0|0|0|0|0|0|0|0|0|0|0|0|0|0|0|0|0|0|0|0|0|0|0|0|0|0|0|1|1|1|1|1;0|0|0|0|1|0
1063|192|0|0|0|0|0|0|0|0|0|0|0|0|0|0|0|0|0|0|0|0|0|0|0|0|0|0|0|0|0|0|1|1|1|1|1;0|0|0|0|1|0
1064|192|0|0|0|0|0|0|0|0|0|0|0|0|0|0|0|0|0|0|0|0|0|0|0|0|0|0|0|0|0|0|1|1|1|1|0;0|0|0|0|1|0
1066|192|0|0|0|0|0|0|0|0|0|0|0|0|0|0|0|0|0|0|0|0|0|0|0|0|0|0|0|0|0|0|1|1|1|1|0;0|0|0|0|1|0
1067|192|0|0|0|0|0|0|0|0|0|0|0|0|0|0|0|0|0|0|0|0|0|0|0|0|0|0|0|0|0|0|1|1|1|1|0;0|0|0|0|1|0
1069|192|0|0|0|0|0|0|0|0|0|0|0|0|0|0|0|0|0|0|0|0|0|0|0|0|0|0|0|0|0|0|1|1|1|1|0;0|0|0|0|1|0
1070|192|0|0|0|0|0|0|0|0|0|0|0|0|0|0|0|0|0|0|0|0|0|0|0|0|0|0|0|0|0|0|1|1|1|1|0;0|0|0|0|1|0
1072|192|0|0|0|0|0|0|0|0|0|0|0|0|0|0|0|0|0|0|0|0|0|0|0|0|0|0|0|0|0|0|1|1|1|1|0;0|0|0|0|1|0
1073|192|0|0|0|0|0|0|0|0|0|0|0|0|0|0|0|0|0|0|0|0|0|0|0|0|0|0|0|0|0|0|1|1|1|1|0;0|0|0|0|1|0
1075|192|0|0|0|0|0|0|0|0|0|0|0|0|0|0|0|0|0|0|0|0|0|0|0|0|0|0|0|0|0|0|1|1|1|1|0;0|0|0|0|1|0
1076|192|0|0|0|0|0|0|0|0|0|0|0|0|0|0|0|0|0|0|0|0|0|0|0|0|0|0|0|0|0|0|1|1|1|1|0;0|0|0|0|1|0
1078|192|0|0|0|0|0|0|0|0|0|0|0|0|0|0|0|0|0|0|0|0|0|0|0|0|0|0|0|0|0|0|1|1|1|1|0;0|0|0|0|1|0
1079|192|0|0|0|0|0|0|0|0|0|0|0|0|0|0|0|0|0|0|0|0|0|0|0|0|0|0|0|0|0|0|1|1|1|1|0;0|0|0|0|1|0
1081|192|0|0|0|0|0|0|0|0|0|0|0|0|0|0|0|0|0|0|0|0|0|0|0|0|0|0|0|0|0|0|1|1|1|0|0;0|0|0|0|1|0
1082|192|0|0|0|0|0|0|0|0|0|0|0|0|0|0|0|0|0|0|0|0|0|0|0|0|0|0|0|0|0|0|1|1|1|0|0;0|0|0|0|1|0
1084|192|0|0|0|0|0|0|0|0|0|0|0|0|0|0|0|0|0|0|0|0|0|0|0|0|0|0|0|0|0|0|1|1|1|0|0;0|0|0|0|1|0
1085|192|0|0|0|0|0|0|0|0|0|0|0|0|0|0|0|0|0|0|0|0|0|0|0|0|0|0|0|0|0|0|1|1|1|0|0;0|0|0|0|1|0
1087|188|0|0|0|0|0|0|0|0|0|0|0|0|0|0|0|0|0|0|0|0|0|0|0|0|0|0|0|0|0|0|0|0|0|0|0;1|0|0|0|1|0
1088|184|0|0|0|0|0|0|0|0|0|0|0|0|0|0|0|0|0|0|0|0|0|0|0|0|0|0|0|0|0|0|0|0|0|0|0;1|0|0|0|1|0
1090|180|0|0|0|0|0|0|0|0|0|0|0|0|0|0|0|0|0|0|0|0|0|0|0|0|0|0|0|0|0|0|0|0|0|0|0;1|0|0|0|1|0
1091|176|0|0|0|0|0|0|0|0|0|0|0|0|0|0|0|0|0|0|0|0|0|0|0|0|0|0|0|0|0|0|0|0|0|0|0;1|0|0|0|1|0
1093|173|0|0|0|0|0|0|0|0|0|0|0|0|0|0|0|0|0|0|0|0|0|0|0|0|0|0|0|0|0|0|0|0|0|0|0;1|0|0|0|1|0
1094|169|0|0|0|0|0|0|0|0|0|0|0|0|0|0|0|0|0|0|0|0|0|0|0|0|0|0|0|0|0|0|0|0|0|0|0;1|0|0|0|1|0
1096|166|1280|64|0|0|0|0|0|0|0|0|0|0|0|0|0|0|0|0|0|0|0|0|0|0|0|0|0|0|0|0|0|0|0|0|0;1|0|0|0|1|0
1097|163|1279|64|0|0|0|0|0|0|0|0|0|0|0|0|0|0|0|0|0|0|0|0|0|0|0|0|0|0|0|0|0|0|0|0|0;1|0|0|0|1|0
1099|160|1279|64|0|0|0|0|0|0|0|0|0|0|0|0|0|0|0|0|0|0|0|0|0|0|0|0|0|0|0|0|0|0|0|0|0;1|0|0|0|1|0
1100|157|1278|64|0|0|0|0|0|0|0|0|0|0|0|0|0|0|0|0|0|0|0|0|0|0|0|0|0|0|0|0|0|0|0|0|0;1|0|0|0|1|0
1102|154|1278|64|0|0|0|0|0|0|0|0|0|0|0|0|0|0|0|0|0|0|0|0|0|0|0|0|0|0|0|0|0|0|0|0|0;1|0|0|0|1|0
1103|151|1277|64|0|0|0|0|0|0|0|0|0|0|0|0|0|0|0|0|0|0|0|0|0|0|0|0|0|0|0|0|0|0|0|0|0;1|0|0|0|1|0
1105|149|1277|64|0|0|0|0|0|0|0|0|0|0|0|0|0|0|0|0|0|0|0|0|0|0|0|0|0|0|0|0|0|0|0|0|0;0|0|0|0|1|0
1106|146|1276|64|0|0|0|0|0|0|0|0|0|0|0|0|0|0|0|0|0|0|0|0|0|0|0|0|0|0|0|0|0|0|0|0|0;0|0|0|0|1|0
1108|145|1276|64|0|0|0|0|0|0|0|0|0|0|0|0|0|0|0|0|0|0|0|0|0|0|0|0|0|0|0|0|0|0|0|0|0;0|0|0|0|1|0
1109|143|1275|64|0|0|0|0|0|0|0|0|0|0|0|0|0|0|0|0|0|0|0|0|0|0|0|0|0|0|0|0|0|0|0|0|0;0|0|0|0|1|0
1111|142|1275|64|0|0|0|0|0|0|0|0|0|0|0|0|0|0|0|0|0|0|0|0|0|0|0|0|0|0|0|0|0|0|0|0|0;0|0|0|0|1|0
1112|141|1274|64|0|0|0|0|0|0|0|0|0|0|0|0|0|0|0|0|0|0|0|0|0|0|0|0|0|0|0|0|0|0|0|0|0;0|0|0|0|1|0
1114|141|1274|64|0|0|0|0|0|0|0|0|0|0|0|0|0|0|0|0|0|0|0|0|0|0|0|0|0|0|0|0|0|0|0|0|0;0|0|0|0|1|0
1115|141|1273|64|0|0|0|0|0|0|0|0|0|0|0|0|0|0|0|0|0|0|0|0|0|0|0|0|0|0|0|0|0|0|0|0|0;0|0|0|0|1|0
1117|141|1273|64|0|0|0|0|0|0|0|0|0|0|0|0|0|0|0|0|0|0|0|0|0|0|0|0|0|0|0|0|0|0|0|0|0;0|0|0|0|1|0
1118|142|1272|64|0|0|0|0|0|0|0|0|0|0|0|0|0|0|0|0|0|0|0|0|0|0|0|0|0|0|0|0|0|0|0|0|0;0|0|0|0|1|0
1120|143|1272|64|0|0|0|0|0|0|0|0|0|0|0|0|0|0|0|0|0|0|0|0|0|0|0|0|0|0|0|0|0|0|0|0|0;0|0|0|0|1|0
1121|145|1271|64|0|0|0|0|0|0|0|0|0|0|0|0|0|0|0|0|0|0|0|0|0|0|0|0|0|0|0|0|0|0|0|0|0;0|0|0|0|1|0
1123|147|1271|64|0|0|0|0|0|0|0|0|0|0|0|0|0|0|0|0|0|0|0|0|0|0|0|0|0|0|0|0|0|0|0|0|0;0|0|0|0|1|0
1124|149|1270|64|0|0|0|0|0|0|0|0|0|0|0|0|0|0|0|0|0|0|0|0|0|0|0|0|0|0|0|0|0|0|0|0|0;0|0|0|0|1|0
1126|152|1270|64|0|0|0|0|0|0|0|0|0|0|0|0|0|0|0|0|0|0|0|0|0|0|0|0|0|0|0|0|0|0|0|0|0;0|0|0|0|1|0
1127|155|1269|65|1312|64|0|0|0|0|0|0|0|0|0|0|0|0|0|0|0|0|0|0|0|0|0|0|0|0|0|0|0|0|0|0|0;0|0|0|0|1|0
1129|158|1269|66|1311|64|0|0|0|0|0|0|0|0|0|0|0|0|0|0|0|0|0|0|0|0|0|0|0|0|0|0|0|0|0|0|0;0|0|0|0|1|0
1130|162|1268|67|1311|64|0|0|0|0|0|0|0|0|0|0|0|0|0|0|0|0|0|0|0|0|0|0|0|0|0|0|0|0|0|0|0;0|0|0|0|1|0
1132|166|1268|69|1310|64|0|0|0|0|0|0|0|0|0|0|0|0|0|0|0|0|0|0|0|0|0|0|0|0|0|0|0|0|0|0|0;0|0|0|0|1|0
1133|170|1267|70|1310|64|0|0|0|0|0|0|0|0|0|0|0|0|0|0|0|0|0|0|0|0|0|0|0|0|0|0|0|0|0|0|0;0|0|0|0|1|0
1135|174|1267|72|1309|64|0|0|0|0|0|0|0|0|0|0|0|0|0|0|0|0|0|0|0|0|0|0|0|0|0|0|0|0|0|0|0;0|0|0|0|1|0
1136|178|1266|74|1309|64|0|0|0|0|0|0|0|0|0|0|0|0|0|0|0|0|0|0|0|0|0|0|0|0|0|0|0|0|0|0|0;0|0|0|0|1|0
1138|183|1266|77|1308|64|0|0|0|0|0|0|0|0|0|0|0|0|0|0|0|0|0|0|0|0|0|0|0|0|0|0|0|0|0|0|0;0|0|0|0|1|0
1139|187|1265|79|1308|64|0|0|0|0|0|0|0|0|0|0|0|0|0|0|0|0|0|0|0|0|0|0|0|0|0|0|0|0|0|0|0;0|0|0|0|1|0
1141|191|1265|82|1307|64|0|0|0|0|0|0|0|0|0|0|0|0|0|0|0|0|0|0|0|0|0|0|0|0|0|0|0|0|0|0|0;0|0|0|0|1|0
1142|192|1264|85|1307|64|0|0|0|0|0|0|0|0|0|0|0|0|0|0|0|0|0|0|0|0|0|0|0|0|0|0|0|0|1|1|1;0|0|0|0|1|0
1144|192|1264|89|1306|64|0|0|0|0|0|0|0|0|0|0|0|0|0|0|0|0|0|0|0|0|0|0|0|0|0|0|0|1|1|1|1;0|0|0|0|1|0
1145|192|1263|92|1306|64|0|0|0|0|0|0|0|0|0|0|0|0|0|0|0|0|0|0|0|0|0|0|0|0|0|0|0|1|1|1|1;0|0|0|0|1|0
1147|192|1263|95|1305|64|0|0|0|0|0|0|0|0|0|0|0|0|0|0|0|0|0|0|0|0|0|0|0|0|0|0|0|1|1|1|1;0|0|0|0|1|0
1148|192|1262|98|1305|64|0|0|0|0|0|0|0|0|0|0|0|0|0|0|0|0|0|0|0|0|0|0|0|0|0|0|0|1|1|1|1;0|0|0|0|1|0
1150|192|1262|101|1304|64|0|0|0|0|0|0|0|0|0|0|0|0|0|0|0|0|0|0|0|0|0|0|0|0|0|0|0|1|1|1|1;0|0|0|0|1|0
1151|192|1261|104|1304|64|0|0|0|0|0|0|0|0|0|0|0|0|0|0|0|0|0|0|0|0|0|0|0|0|0|0|0|1|1|1|1;0|0|0|0|1|0
1153|192|1261|108|1303|64|0|0|0|0|0|0|0|0|0|0|0|0|0|0|0|0|0|0|0|0|0|0|0|0|0|0|0|1|1|1|1;0|0|0|0|1|0
1154|192|1260|111|1303|64|0|0|0|0|0|0|0|0|0|0|0|0|0|0|0|0|0|0|0|0|0|0|0|0|0|0|0|1|1|1|1;0|0|0|0|1|0
1156|192|1260|114|1302|64|0|0|0|0|0|0|0|0|0|0|0|0|0|0|0|0|0|0|0|0|0|0|0|0|0|0|0|1|1|1|1;0|0|0|0|1|0
1157|192|1259|118|1302|64|0|0|0|0|0|0|0|0|0|0|0|0|0|0|0|0|0|0|0|0|0|0|0|0|0|0|0|1|1|1|1;0|0|0|0|1|0
1159|192|1259|121|1301|64|0|0|0|0|0|0|0|0|0|0|0|0|0|0|0|0|0|0|0|0|0|0|0|0|0|0|0|1|1|1|1;0|0|0|0|1|0
1160|192|1258|124|1301|64|0|0|0|0|0|0|0|0|0|0|0|0|0|0|0|0|0|0|0|0|0|0|0|0|0|0|1|1|1|1|1;0|0|0|0|1|0
1162|192|1258|127|1300|64|0|0|0|0|0|0|0|0|0|0|0|0|0|0|0|0|0|0|0|0|0|0|0|0|0|0|1|1|1|1|1;0|0|0|0|1|0
1163|192|1257|130|1300|64|0|0|0|0|0|0|0|0|0|0|0|0|0|0|0|0|0|0|0|0|0|0|0|0|0|0|1|1|1|1|1;0|0|0|0|1|0
1165|192|1257|128|1299|64|0|0|0|0|0|0|0|0|0|0|0|0|0|0|0|0|0|0|0|0|0|0|0|0|0|0|1|1|1|1|1;0|0|0|0|1|0
1166|192|1256|128|1299|64|0|0|0|0|0|0|0|0|0|0|0|0|0|0|0|0|0|0|0|0|0|0|0|0|0|0|1|1|1|1|1;0|0|0|0|1|0
1168|192|1256|128|1298|64|0|0|0|0|0|0|0|0|0|0|0|0|0|0|0|0|0|0|0|0|0|0|0|0|0|0|1|1|1|1|1;0|0|0|0|1|0
1169|192|1255|128|1298|64|0|0|0|0|0|0|0|0|0|0|0|0|0|0|0|0|0|0|0|0|0|0|0|0|0|0|1|1|1|1|1;0|0|0|0|1|0
1171|192|1255|128|1297|64|0|0|0|0|0|0|0|0|0|0|0|0|0|0|0|0|0|0|0|0|0|0|0|0|0|0|1|1|1|1|1;0|0|0|0|1|0
1172|192|1254|128|1297|64|0|0|0|0|0|0|0|0|0|0|0|0|0|0|0|0|0|0|0|0|0|0|0|0|0|0|1|1|1|1|1;0|0|0|0|1|0
1174|192|1254|128|1296|64|0|0|0|0|0|0|0|0|0|0|0|0|0|0|0|0|0|0|0|0|0|0|0|0|0|0|1|1|1|1|1;0|0|0|0|1|0
1175|192|1253|128|1296|64|0|0|0|0|0|0|0|0|0|0|0|0|0|0|0|0|0|0|0|0|0|0|0|0|0|0|1|1|1|1|1;0|0|0|0|1|0
1177|192|1253|128|1295|64|0|0|0|0|0|0|0|0|0|0|0|0|0|0|0|0|0|0|0|0|0|0|0|0|0|0|1|1|1|1|1;0|0|0|0|1|0
1178|192|1252|128|1295|64|0|0|0|0|0|0|0|0|0|0|0|0|0|0|0|0|0|0|0|0|0|0|0|0|0|0|1|1|1|1|1;0|0|0|0|1|0
1180|192|1252|128|1294|64|0|0|0|0|0|0|0|0|0|0|0|0|0|0|0|0|0|0|0|0|0|0|0|0|0|0|1|1|1|1|1;0|0|0|0|1|0
1181|192|1251|128|1294|64|0|0|0|0|0|0|0|0|0|0|0|0|0|0|0|0|0|0|0|0|0|0|0|0|0|0|1|1|1|1|1;0|0|0|0|1|0
1183|192|1251|128|1293|64|0|0|0|0|0|0|0|0|0|0|0|0|0|0|0|0|0|0|0|0|0|0|0|0|0|0|1|1|1|1|1;0|0|0|0|1|0
1184|192|1250|128|1293|64|0|0|0|0|0|0|0|0|0|0|0|0|0|0|0|0|0|0|0|0|0|0|0|0|0|0|1|1|1|1|1;0|0|0|0|1|0
1186|192|1250|128|1292|64|0|0|0|0|0|0|0|0|0|0|0|0|0|0|0|0|0|0|0|0|0|0|0|0|0|0|1|1|1|1|1;0|0|0|0|1|0
1187|192|1249|128|1292|64|0|0|0|0|0|0|0|0|0|0|0|0|0|0|0|0|0|0|0|0|0|0|0|0|0|0|1|1|1|1|1;0|0|0|0|1|0
1189|192|1249|128|1291|64|0|0|0|0|0|0|0|0|0|0|0|0|0|0|0|0|0|0|0|0|0|0|0|0|0|0|1|1|1|1|1;0|0|0|0|1|0
1190|192|1248|128|1291|64|0|0|0|0|0|0|0|0|0|0|0|0|0|0|0|0|0|0|0|0|0|0|0|0|0|0|1|1|1|1|1;0|0|0|0|1|0
1192|192|1248|128|1290|64|0|0|0|0|0|0|0|0|0|0|1|0|0|0|0|0|0|0|0|0|0|0|0|0|0|0|1|1|1|1|1;0|0|0|0|1|0
1193|192|1247|128|1290|64|0|0|0|0|0|0|0|0|0|0|1|0|0|0|0|0|0|0|0|0|0|0|0|0|0|0|1|1|1|1|1;0|0|0|0|1|0
1195|192|1247|128|1289|64|0|0|0|0|0|0|0|0|0|0|1|0|0|0|0|0|0|0|0|0|0|0|0|0|0|0|1|1|1|1|1;0|0|0|0|1|0
1196|192|1246|128|1289|64|0|0|0|0|0|0|0|0|0|0|1|0|0|0|0|0|0|0|0|0|0|0|0|0|0|0|1|1|1|1|1;0|0|0|0|1|0
1198|192|1246|128|1288|64|0|0|0|0|0|0|0|0|0|0|1|0|0|0|0|0|0|0|0|0|0|0|0|0|0|0|1|1|1|1|1;0|0|0|0|1|0
1199|192|1245|128|1288|64|0|0|0|0|0|0|0|0|0|0|1|0|0|0|0|0|0|0|0|0|0|0|0|0|0|0|1|1|1|1|1;0|0|0|0|1|0
1201|192|1245|128|1287|64|0|0|0|0|0|0|0|0|0|0|1|0|0|0|0|0|0|0|0|0|0|0|0|0|0|0|1|1|1|1|1;0|0|0|0|1|0
1202|192|1244|128|1287|64|0|0|0|0|0|0|0|0|0|0|1|0|0|0|0|0|0|0|0|0|0|0|0|0|0|0|1|1|1|1|1;0|0|0|0|1|0
1204|192|1244|128|1286|64|0|0|0|0|0|0|0|0|0|0|1|0|0|0|0|0|0|0|0|0|0|0|0|0|0|0|1|1|1|1|1;0|0|0|0|1|0
1205|192|1243|128|1286|64|0|0|0|0|0|0|0|0|0|0|1|0|0|0|0|0|0|0|0|0|0|0|0|0|0|0|1|1|1|1|1;0|0|0|0|1|0
1207|192|1243|128|1285|64|0|0|0|0|0|0|0|0|0|0|1|0|0|0|0|0|0|0|0|0|0|0|0|0|0|0|1|1|1|1|1;0|0|0|0|1|0
1208|192|1242|128|1285|64|0|0|0|0|0|0|0|0|0|1|1|0|0|0|0|0|0|0|0|0|0|0|0|0|0|0|1|1|1|1|1;0|0|0|0|1|0
1210|192|1242|128|1284|64|0|0|0|0|0|0|0|0|0|1|1|0|0|0|0|0|0|0|0|0|0|0|0|0|0|0|1|1|1|1|1;0|0|0|0|1|0
1211|192|1241|128|1284|64|0|0|0|0|0|0|0|0|0|1|1|0|0|0|0|0|0|0|0|0|0|0|0|0|0|0|1|1|1|1|1;0|0|0|0|1|0
1213|192|1241|128|1283|64|0|0|0|0|0|0|0|0|0|1|1|0|0|0|0|0|0|0|0|0|0|0|0|0|0|0|1|1|1|1|1;0|0|0|0|1|0
1214|192|1240|128|1283|64|0|0|0|0|0|0|0|0|0|1|1|0|0|0|0|0|0|0|0|0|0|0|0|0|0|0|1|1|1|1|1;0|0|0|0|1|0
1216|192|1240|128|1282|64|0|0|0|0|0|0|0|0|0|1|1|0|0|0|0|0|0|0|0|0|0|0|0|0|0|0|1|1|1|1|1;0|0|0|0|1|0
1217|188|1239|128|1282|64|0|0|0|0|0|0|0|0|0|0|0|0|0|0|1|1|0|0|0|0|0|0|0|0|0|0|0|0|0|0|0;1|0|0|0|1|0
1219|184|1239|128|1281|64|0|0|0|0|0|0|0|0|0|0|0|0|0|0|1|1|0|0|0|0|0|0|0|0|0|0|0|0|0|0|0;1|0|0|0|1|0
1220|180|1238|128|1281|64|0|0|0|0|0|0|0|0|0|0|0|0|0|0|1|1|0|0|0|0|0|0|0|0|0|0|0|0|0|0|0;1|0|0|0|1|0
1222|176|1238|128|1280|64|0|0|0|0|0|0|0|0|0|0|0|0|0|0|1|1|0|0|0|0|0|0|0|0|0|0|0|0|0|0|0;1|0|0|0|1|0
1223|173|1237|128|1280|64|0|0|0|0|0|0|0|0|0|0|0|0|0|0|0|0|0|0|0|1|1|0|0|0|0|0|0|0|0|0|0;1|0|0|0|1|0
1225|169|1237|128|1279|64|0|0|0|0|0|0|0|0|0|0|0|0|0|0|0|0|0|0|1|1|1|0|0|0|0|0|0|0|0|0|0;1|0|0|0|1|0
1226|166|1236|128|1279|64|0|0|0|0|0|0|0|0|0|-1|0|0|0|0|0|0|0|0|1|1|1|0|0|0|0|0|0|0|0|0|0;1|0|0|0|1|0
1228|163|1236|128|1278|64|0|0|0|0|0|0|0|0|-1|-1|0|0|0|0|0|0|0|0|1|1|1|0|0|0|0|0|0|0|0|0|0;1|0|0|0|1|0
1229|160|1235|128|1278|64|0|0|0|0|0|0|0|0|-1|0|0|0|0|0|0|0|0|0|1|1|1|0|0|0|0|0|0|0|0|0|0;1|0|0|0|1|0
1231|157|1236|121|1277|64|0|0|0|0|0|0|0|0|-1|0|0|0|0|0|0|0|0|0|0|0|0|0|0|0|1|1|0|0|0|0|0;1|0|0|0|1|0
1232|157|1237|119|1277|64|0|0|0|0|0|0|0|0|-1|0|0|0|0|0|0|0|0|0|0|0|0|0|0|0|1|1|0|0|0|0|0;1|0|0|0|1|0
1234|157|1238|116|1276|64|0|0|0|0|0|0|0|0|0|0|0|0|0|0|0|0|0|0|0|0|0|0|0|0|1|1|0|0|0|0|0;1|0|0|0|1|0
1235|158|1239|114|1276|64|0|0|0|0|0|0|0|0|0|0|0|0|0|0|0|0|0|0|0|0|0|0|0|0|1|1|0|0|0|0|0;1|0|0|0|1|0
1237|160|1240|112|1275|64|0|0|0|0|0|0|0|0|0|0|0|0|0|0|0|0|0|0|0|1|1|0|0|0|0|0|0|0|0|0|0;1|0|0|0|1|0
1238|161|1241|110|1275|64|0|0|0|0|0|0|0|0|0|0|0|0|0|0|0|0|0|0|0|1|1|0|0|0|0|0|0|0|0|0|0;1|0|0|0|1|0
1240|163|1242|108|1274|64|0|0|0|0|0|0|0|0|0|0|0|0|0|0|0|0|0|0|1|1|0|0|0|0|0|0|0|0|0|0|0;1|0|0|0|1|0
1241|166|1243|107|1274|64|0|0|0|0|0|0|0|0|0|0|0|0|0|0|0|0|0|0|1|1|0|0|0|0|0|0|0|0|0|0|0;1|0|0|0|1|0
1243|169|1244|106|1273|64|0|0|0|0|0|0|0|0|0|0|0|0|0|0|0|0|0|0|1|1|0|0|0|0|0|0|0|0|0|0|0;1|0|0|0|1|0
1244|172|1245|105|1273|64|0|0|0|0|0|0|0|0|0|0|0|0|0|0|0|0|0|0|1|1|0|0|0|0|0|0|0|0|0|0|0;1|0|0|0|1|0
1246|175|1246|104|1272|64|0|0|0|0|0|0|0|0|0|0|0|0|0|0|0|0|0|0|1|1|0|0|0|0|0|0|0|0|0|0|0;1|0|0|0|1|0
1247|179|1247|104|1272|64|0|0|0|0|0|0|0|0|0|0|0|0|0|1|1|0|0|0|0|0|0|0|0|0|0|0|0|0|0|0|0;1|0|0|0|1|0
1249|184|1248|104|1271|64|0|0|0|0|0|0|0|0|0|0|0|0|0|1|1|0|0|0|0|0|0|0|0|0|0|0|0|0|0|0|0;1|0|0|0|1|0
1250|188|1249|104|1271|64|0|0|0|0|0|0|0|0|0|0|0|0|0|1|1|0|0|0|0|0|0|0|0|0|0|0|0|0|0|0|0;1|0|0|0|1|0
1252|192|1250|104|1270|64|0|0|0|0|0|0|0|1|1|1|0|0|0|0|0|0|0|0|0|0|0|0|0|0|0|0|1|1|1|1|1;0|0|0|0|1|0
1253|192|1251|105|1270|64|0|0|0|0|0|0|0|1|1|1|0|0|0|0|0|0|0|0|0|0|0|0|0|0|0|0|1|1|1|1|1;0|0|0|0|1|0
1255|192|1252|106|1269|65|0|0|0|0|0|0|0|1|1|1|0|0|0|0|0|0|0|0|0|0|0|0|0|0|0|0|1|1|1|1|1;0|0|0|0|1|0
1256|192|1253|107|1269|66|0|0|0|0|0|0|1|1|1|0|0|0|0|0|0|0|0|0|0|0|0|0|0|0|0|0|1|1|1|1|1;0|0|0|0|1|0
1258|192|1254|108|1268|67|0|0|0|0|0|0|1|1|1|0|0|0|0|0|0|0|0|0|0|0|0|0|0|0|0|0|1|1|1|1|1;0|0|0|0|1|0
1259|192|1255|110|1268|69|0|0|0|0|0|0|1|1|1|0|0|0|0|0|0|0|0|0|0|0|0|0|0|0|0|0|1|1|1|1|1;0|0|0|0|1|0
1261|192|1256|111|1267|70|0|0|0|0|0|0|1|1|1|0|0|0|0|0|0|0|0|0|0|0|0|0|0|0|0|0|1|1|1|1|1;0|0|0|0|1|0
1262|192|1257|113|1267|72|0|0|0|0|0|0|1|1|1|0|0|0|0|0|0|0|0|0|0|0|0|0|0|0|0|0|1|1|1|1|1;0|0|0|0|1|0
1264|192|1258|116|1266|74|0|0|0|0|0|0|1|1|1|0|0|0|0|0|0|0|0|0|0|0|0|0|0|0|0|0|1|1|1|1|1;0|0|0|0|1|0
1265|192|1259|118|1266|77|0|0|0|0|0|0|1|1|1|0|0|0|0|0|0|0|0|0|0|0|0|0|0|0|0|0|1|1|1|1|1;0|0|0|0|1|0
1267|192|1260|121|1265|79|0|0|0|0|0|0|1|1|1|0|0|0|0|0|0|0|0|0|0|0|0|0|0|0|0|0|1|1|1|1|1;0|0|0|0|1|0
1268|192|1261|124|1265|82|0|0|0|0|0|0|1|1|1|0|0|0|0|0|0|0|0|0|0|0|0|0|0|0|0|0|1|1|1|1|1;0|0|0|0|1|0
1270|192|1262|127|1264|85|0|0|0|0|0|0|1|1|1|0|0|0|0|0|0|0|0|0|0|0|0|0|0|0|0|0|1|1|1|1|1;0|0|0|0|1|0
1271|192|1263|130|1264|89|0|0|0|0|0|0|1|1|1|0|0|0|0|0|0|0|0|0|0|0|0|0|0|0|0|0|1|1|1|1|1;0|0|0|0|1|0
1273|192|1264|133|1263|92|0|0|0|0|0|0|1|1|0|0|0|0|0|0|0|0|0|0|0|0|0|0|0|0|0|0|1|1|1|1|1;0|0|0|0|1|0
1274|192|1265|137|1263|95|0|0|0|0|0|0|1|1|0|0|0|0|0|0|0|0|0|0|0|0|0|0|0|0|0|0|1|1|1|1|1;0|0|0|0|1|0
1276|192|1266|140|1262|98|0|0|0|0|0|0|1|1|0|0|0|0|0|0|0|0|0|0|0|0|0|0|0|0|0|0|1|1|1|1|1;0|0|0|0|1|0
1277|192|1267|143|1262|101|0|0|0|0|0|0|1|1|0|0|0|0|0|0|0|0|0|0|0|0|0|0|0|0|0|0|1|1|1|1|1;0|0|0|0|1|0
1279|192|1268|146|1261|104|0|0|0|0|0|0|1|1|0|0|0|0|0|0|0|0|0|0|0|0|0|0|0|0|0|0|1|1|1|1|1;0|0|0|0|1|0
1280|192|1269|150|1261|108|0|0|0|0|0|0|1|1|0|0|0|0|0|0|0|0|0|0|0|0|0|0|0|0|0|0|1|1|1|1|1;0|0|0|0|1|0
1282|192|1270|153|1260|111|0|0|0|0|0|0|1|-1|0|0|0|0|0|0|0|0|0|0|0|0|0|0|0|0|0|0|1|1|1|1|1;0|0|0|0|1|0
1283|192|1271|156|1260|114|0|0|0|0|0|0|1|-1|0|0|0|0|0|0|0|0|0|0|0|0|0|0|0|0|0|0|1|1|1|1|1;0|0|0|0|1|0
1285|192|1272|160|1259|118|0|0|0|0|0|0|1|-1|0|0|0|0|0|0|0|0|0|0|0|0|0|0|0|0|0|0|1|1|1|1|1;0|0|0|0|1|0
1286|192|1273|163|1259|121|0|0|0|0|0|0|1|-1|0|0|0|0|0|0|0|0|0|0|0|0|0|0|0|0|0|0|1|1|1|1|1;0|0|0|0|1|0
1288|192|1274|166|1258|124|0|0|0|0|0|0|1|-1|0|0|0|0|0|0|0|0|0|0|0|0|0|0|0|0|0|0|1|1|1|1|1;0|0|0|0|1|0
1289|192|1275|169|1258|127|0|0|0|0|0|0|1|0|0|0|0|0|-1|0|0|0|0|0|0|0|0|0|0|0|0|0|1|1|1|1|1;0|0|0|0|1|0
1291|192|1276|172|1257|130|0|0|0|0|0|0|1|0|0|0|0|0|-1|0|0|0|0|0|0|0|0|0|0|0|0|0|1|1|1|1|1;0|0|0|0|1|0
1292|192|1277|176|1257|128|0|0|0|0|0|0|1|0|0|0|0|0|-1|0|0|0|0|0|0|0|0|0|0|0|0|0|1|1|1|1|1;0|0|0|0|1|0
1294|192|1278|179|1256|128|0|0|0|0|0|0|1|0|0|0|0|0|-1|0|0|0|0|0|0|0|0|0|0|0|0|0|1|1|1|1|1;0|0|0|0|1|0
1295|192|1279|182|1256|128|0|0|0|0|0|0|1|0|0|0|0|0|-1|0|0|0|0|0|0|0|0|0|0|0|0|0|1|1|1|1|1;0|0|0|0|1|0
1297|192|1280|185|1255|128|0|0|0|0|0|0|1|0|0|0|0|0|0|0|0|0|0|-1|0|0|0|0|0|0|0|0|1|1|1|1|1;0|0|0|0|1|0
1298|192|1281|189|1255|128|0|0|0|0|0|0|1|0|0|0|0|0|0|0|0|0|0|-1|0|0|0|0|0|0|0|0|1|1|1|1|1;0|0|0|0|1|0
1300|192|1282|192|1254|128|0|0|0|0|0|0|1|0|0|0|0|0|0|0|0|0|0|-1|0|0|0|0|0|0|0|0|1|1|1|1|1;0|0|0|0|1|0
1301|192|1283|195|1254|128|0|0|0|0|0|0|1|0|0|0|0|0|0|0|0|0|0|-1|0|0|0|0|0|0|0|0|1|1|1|1|1;0|0|0|0|1|0
1303|192|1284|198|1253|128|0|0|0|0|0|0|1|0|0|0|0|0|0|0|0|0|0|-1|0|0|0|0|0|0|0|0|1|1|1|1|1;0|0|0|0|1|0
1304|192|1285|201|1253|128|0|0|0|0|0|0|0|0|0|0|0|0|0|0|0|0|0|0|0|0|0|0|-1|0|0|0|1|1|1|1|1;0|0|0|0|1|0
1306|192|1286|205|1252|128|0|0|0|0|0|0|0|0|0|0|0|0|0|0|0|0|0|0|0|0|0|0|-1|0|0|0|1|1|1|1|1;0|0|0|0|1|0
1307|192|1287|208|1252|128|0|0|0|0|0|0|0|0|0|0|0|0|0|0|0|0|0|0|0|0|0|0|-1|0|0|0|1|1|1|1|1;0|0|0|0|1|0
1309|192|1288|211|1251|128|0|0|0|0|0|0|0|0|0|0|0|0|0|0|0|0|0|0|0|0|0|0|-1|0|0|0|1|1|1|1|1;0|0|0|0|1|0
1310|192|1289|214|1251|128|0|0|0|0|0|0|0|0|0|0|0|0|0|0|0|0|0|0|0|0|0|0|-1|0|0|0|1|1|1|1|1;0|0|0|0|1|0
1312|192|1290|218|1250|128|0|0|0|0|0|0|0|0|0|0|0|0|0|0|0|0|0|0|0|0|0|0|0|0|0|0|1|-1|1|1|1;0|0|0|0|1|0
1313|192|1291|221|1250|128|0|0|0|0|0|0|0|0|0|0|0|0|0|0|0|0|0|0|0|0|0|0|0|0|0|0|1|-1|1|1|1;0|0|0|0|1|0
1315|192|1292|224|1249|128|0|0|0|0|0|0|0|0|0|0|0|0|0|0|0|0|0|0|0|0|0|0|0|0|0|0|1|-1|1|1|1;0|0|0|0|1|0
1316|192|1293|228|1249|128|0|0|0|0|0|0|0|0|0|0|0|0|0|0|0|0|0|0|0|0|0|0|0|0|0|0|1|-1|1|1|1;0|0|0|0|1|0
1318|192|1294|231|1248|128|0|0|0|0|0|0|0|0|0|0|0|0|0|0|0|0|0|0|0|0|0|0|0|0|0|0|-1|-1|1|1|1;0|0|0|0|1|0
1319|192|1295|234|1248|128|0|0|0|0|0|0|0|0|0|0|0|0|0|0|0|0|0|0|0|0|0|0|0|0|0|0|1|1|1|1|1;0|0|0|0|1|0
1321|192|1296|237|1247|128|0|0|0|0|0|0|0|0|0|0|0|0|0|0|0|0|0|0|0|0|0|0|0|0|0|0|1|1|1|1|1;0|0|0|0|1|0
1322|192|1297|240|1247|128|0|0|0|0|0|0|0|0|0|0|0|0|0|0|0|0|0|0|0|0|0|0|0|0|0|0|1|1|1|1|1;0|0|0|0|1|0
1324|192|1298|244|1246|128|0|0|0|0|0|0|0|0|0|0|0|0|0|0|0|0|0|0|0|0|0|0|0|0|0|0|1|1|1|1|1;0|0|0|0|1|0
1325|192|1299|247|1246|128|0|0|0|0|0|0|0|0|0|0|0|0|0|0|0|0|0|0|0|0|0|0|0|0|0|0|1|1|1|1|1;0|0|0|0|1|0
1327|192|1300|250|1245|128|0|0|0|0|0|0|0|0|0|0|0|0|0|0|0|0|0|0|0|0|0|0|0|0|0|0|1|1|1|1|1;0|0|0|0|1|0
1328|192|1301|253|1245|128|0|0|0|0|0|0|0|0|0|0|0|0|0|0|0|0|0|0|0|0|0|0|0|0|0|0|1|1|1|1|1;0|0|0|0|1|0
1330|192|1302|257|1244|128|0|0|0|0|0|0|0|0|0|0|0|0|0|0|0|0|0|0|0|0|0|0|0|0|0|0|1|1|1|1|1;0|0|0|0|1|0
1331|192|1303|260|1244|128|0|0|0|0|0|0|0|0|0|0|0|0|0|0|0|0|0|0|0|0|0|0|0|0|0|0|1|1|1|1|1;0|0|0|0|1|0
1333|192|1304|263|1243|128|0|0|0|0|0|0|0|0|0|0|0|0|0|0|0|0|0|0|0|0|0|0|0|0|0|0|1|1|1|1|1;0|0|0|0|1|0
1334|192|1305|10|1243|128|0|0|0|0|0|0|0|0|0|0|0|0|0|0|0|0|0|0|0|0|0|0|0|0|0|0|1|1|1|1|1;0|0|0|0|1|0
1336|192|0|0|1242|128|0|0|0|0|0|0|0|0|0|0|0|0|0|0|0|0|0|0|0|0|0|0|0|0|0|0|1|1|1|1|0;0|0|0|0|1|0
1337|192|0|0|1242|128|0|0|0|0|0|0|0|0|0|0|0|0|0|0|0|0|0|0|0|0|0|0|0|0|0|0|1|1|1|1|0;0|0|0|0|1|0
1339|192|0|0|1241|128|0|0|0|0|0|0|0|0|0|0|0|0|0|0|0|0|0|0|0|0|0|0|0|0|0|0|1|1|1|1|0;0|0|0|0|1|0
1340|192|0|0|1241|128|0|0|0|0|0|0|0|0|0|0|0|0|0|0|0|0|0|0|0|0|0|0|0|0|0|0|1|1|1|1|0;0|0|0|0|1|0
1342|192|0|0|1240|128|0|0|0|0|0|0|0|0|0|0|0|0|0|0|0|0|0|0|0|0|0|0|0|0|0|0|1|1|1|1|0;0|0|0|0|1|0
1343|192|0|0|1240|128|0|0|0|0|0|0|0|0|0|0|0|0|0|0|0|0|0|0|0|0|0|0|0|0|0|0|1|1|1|1|0;0|0|0|0|1|0
1345|192|0|0|1239|128|0|0|0|0|0|0|0|0|0|0|0|0|0|0|0|0|0|0|0|0|0|0|0|0|0|0|1|1|1|1|0;0|0|0|0|1|0
1346|192|0|0|1239|128|0|0|0|0|0|0|0|0|0|0|0|0|0|0|0|0|0|0|0|0|0|0|0|0|0|0|1|1|1|1|0;0|0|0|0|1|0
1348|192|0|0|1238|128|0|0|0|0|0|0|0|0|0|0|0|0|0|0|0|0|0|0|0|0|0|0|0|0|0|0|1|1|1|1|0;0|0|0|0|1|0
1349|192|0|0|1238|128|0|0|0|0|0|0|0|0|0|0|0|0|0|0|0|0|0|0|0|0|0|0|0|0|0|0|1|1|1|1|0;0|0|0|0|1|0
1351|192|0|0|1237|128|0|0|0|0|0|0|0|0|0|0|0|0|0|0|0|0|0|0|0|0|0|0|0|0|0|0|1|1|1|1|0;0|0|0|0|1|0
1352|192|0|0|1237|128|0|0|0|0|0|0|0|0|0|0|0|0|0|0|0|0|0|0|0|0|0|0|0|0|0|0|1|1|1|0|0;0|0|0|0|1|0
1354|192|0|0|1236|128|0|0|0|0|0|0|0|0|0|0|0|0|0|0|0|0|0|0|0|0|0|0|0|0|0|0|1|1|1|0|0;0|0|0|0|1|0
1355|192|0|0|1236|128|0|0|0|0|0|0|0|0|0|0|0|0|0|0|0|0|0|0|0|0|0|0|0|0|0|0|1|1|1|0|0;0|0|0|0|1|0
1357|192|0|0|1235|128|0|0|0|0|0|0|0|0|0|0|0|0|0|0|0|0|0|0|0|0|0|0|0|0|0|0|1|1|1|0|0;0|0|0|0|1|0
1358|192|0|0|1235|128|0|0|0|0|0|0|0|0|0|0|0|0|0|0|0|0|0|0|0|0|0|0|0|0|0|0|1|1|1|0|0;0|0|0|0|1|0
1360|192|0|0|1234|128|0|0|0|0|0|0|0|0|0|0|0|0|0|0|0|0|0|0|0|0|0|0|0|0|0|0|1|1|1|0|0;0|0|0|0|1|0
1361|192|0|0|1234|128|0|0|0|0|0|0|0|0|0|0|0|0|0|0|0|0|0|0|0|0|0|0|0|0|0|0|1|1|1|0|0;0|0|0|0|1|0
1363|188|0|0|1233|128|0|0|0|0|0|0|0|0|0|0|0|0|0|0|0|0|0|0|0|0|0|0|0|0|0|0|0|0|0|0|0;1|0|0|0|1|0
1364|184|0|0|1233|128|0|0|0|0|0|0|0|0|0|0|0|0|0|0|0|0|0|0|0|0|0|0|0|0|0|0|0|0|0|0|0;1|0|0|0|1|0
1366|180|0|0|1232|128|0|0|0|0|0|0|0|0|0|0|0|0|0|0|0|0|0|0|0|0|0|0|0|0|0|0|0|0|0|0|0;1|0|0|0|1|0
1367|176|0|0|1232|128|0|0|0|0|0|0|0|0|0|0|0|0|0|0|0|0|0|0|0|0|0|0|0|0|0|0|0|0|0|0|0;1|0|0|0|1|0
1369|173|0|0|1231|128|0|0|0|0|0|0|0|0|0|0|0|0|0|0|0|0|0|0|0|0|0|0|0|0|0|0|0|0|0|0|0;1|0|0|0|1|0
1370|169|0|0|1231|128|0|0|0|0|0|0|0|0|0|0|0|0|0|0|0|0|0|0|0|0|0|0|0|0|0|0|0|0|0|0|0;1|0|0|0|1|0
1372|166|0|0|1230|128|0|0|0|0|0|0|0|0|0|0|0|0|0|0|0|0|0|0|0|0|0|0|0|0|0|0|0|0|0|0|0;1|0|0|0|1|0
1373|163|0|0|1230|128|0|0|0|0|0|0|0|0|0|0|0|0|0|0|0|0|0|0|0|0|0|0|0|0|0|0|0|0|0|0|0;1|0|0|0|1|0
1375|160|0|0|1229|128|0|0|0|0|0|0|0|0|0|0|0|0|0|0|0|0|0|0|0|0|0|0|0|0|0|0|0|0|0|0|0;1|0|0|0|1|0
1376|157|0|0|1229|128|0|0|0|0|0|0|0|0|0|0|0|0|0|0|0|0|0|0|0|0|0|0|0|0|0|0|0|0|0|0|0;1|0|0|0|1|0
1378|154|0|0|1228|128|0|0|0|0|0|0|0|0|0|0|0|0|0|0|0|0|0|0|0|0|0|0|0|0|0|0|0|0|0|0|0;1|0|0|0|1|0
1379|151|0|0|1228|128|0|0|0|0|0|0|0|0|0|0|0|0|0|0|0|0|0|0|0|0|0|0|0|0|0|0|0|0|0|0|0;1|0|0|0|1|0
1381|149|0|0|1227|128|0|0|0|0|0|0|0|0|0|0|0|0|0|0|0|0|0|0|0|0|0|0|0|0|0|0|0|0|0|0|0;1|0|0|0|1|0
1382|146|0|0|1227|128|0|0|0|0|0|0|0|0|0|0|0|0|0|0|0|0|0|0|0|0|0|0|0|0|0|0|0|0|0|0|0;1|0|0|0|1|0
1384|144|0|0|1226|128|0|0|0|0|0|0|0|0|0|0|0|0|0|0|0|0|0|0|0|0|0|0|0|0|0|0|0|0|0|0|0;1|0|0|0|1|0
1385|142|0|0|1226|128|0|0|0|0|0|0|1|1|1|0|0|0|0|0|0|0|0|0|0|0|0|0|0|0|0|0|0|0|0|0|0;1|0|0|0|1|0
1387|139|0|0|1225|128|0|0|0|0|0|0|1|1|1|0|0|0|0|0|0|0|0|0|0|0|0|0|0|0|0|0|0|0|0|0|0;1|0|0|0|1|0
1388|137|0|0|1225|128|0|0|0|0|0|0|1|1|1|0|0|0|0|0|0|0|0|0|0|0|0|0|0|0|0|0|0|0|0|0|0;1|0|0|0|1|0
1390|136|0|0|1224|128|0|0|0|0|0|0|1|1|1|0|0|0|0|0|0|0|0|0|0|0|0|0|0|0|0|0|0|0|0|0|0;1|0|0|0|1|0
1391|134|0|0|1224|128|0|0|0|0|0|0|1|1|1|0|0|0|0|0|0|0|0|0|0|0|0|0|0|0|0|0|0|0|0|0|0;1|0|0|0|1|0
1393|132|0|0|1223|128|0|0|0|0|0|0|1|1|1|0|0|0|0|0|0|0|0|0|0|0|0|0|0|0|0|0|0|0|0|0|0;1|0|0|0|1|0
1394|131|0|0|1223|128|0|0|0|0|0|0|1|1|1|0|0|0|0|0|0|0|0|0|0|0|0|0|0|0|0|0|0|0|0|0|0;1|0|0|0|1|0
1396|129|0|0|1222|129|0|0|0|0|0|0|1|1|1|0|0|0|0|0|0|0|0|0|0|0|0|0|0|0|0|0|0|0|0|0|0;1|0|0|0|1|0
1397|128|0|0|1222|129|0|0|0|0|0|0|1|1|1|0|0|0|0|0|0|0|0|0|0|0|0|0|0|0|0|0|0|0|0|0|0;1|0|0|0|1|0
1399|127|0|0|1221|130|0|0|0|0|0|0|0|0|0|0|0|1|1|1|0|0|0|0|0|0|0|0|0|0|0|0|0|0|0|0|0;1|0|0|0|1|0
1400|126|0|0|1221|131|0|0|0|0|0|0|0|0|0|0|0|1|1|0|0|0|0|0|0|0|0|0|0|0|0|0|0|0|0|0|0;1|0|0|0|1|0
1402|125|0|0|1220|132|0|0|0|0|0|0|0|0|0|0|0|1|1|0|0|0|0|0|0|0|0|0|0|0|0|0|0|0|0|0|0;1|0|0|0|1|0
1403|124|0|0|1220|133|0|0|0|0|0|0|0|0|0|0|0|1|1|0|0|0|0|0|0|0|0|0|0|0|0|0|0|0|0|0|0;1|0|0|0|1|0
1405|123|0|0|1219|135|0|0|0|0|0|0|0|0|0|0|0|1|1|0|0|0|0|0|0|0|0|0|0|0|0|0|0|0|0|0|0;1|0|0|0|1|0
1406|122|0|0|1219|137|0|0|0|0|0|0|0|0|0|0|0|1|1|0|0|0|0|0|0|0|0|0|0|0|0|0|0|0|0|0|0;1|0|0|0|1|0
1408|122|0|0|1218|139|0|0|0|0|0|0|0|0|0|0|0|1|1|0|0|0|0|0|0|0|0|0|0|0|0|0|0|0|0|0|0;1|0|0|0|1|0
1409|122|0|0|1218|141|0|0|0|0|0|0|0|0|0|0|0|1|1|0|0|0|0|0|0|0|0|0|0|0|0|0|0|0|0|0|0;0|0|0|0|1|0
1411|122|0|0|0|0|0|0|0|0|0|0|0|0|0|0|0|1|1|0|0|0|0|0|0|0|0|0|0|0|0|0|0|0|0|0|0;0|0|0|0|1|0
1412|122|0|0|0|0|0|0|0|0|0|0|0|0|0|0|0|1|1|0|0|0|0|0|0|0|0|0|0|0|0|0|0|0|0|0|0;0|0|0|0|1|0
1414|123|0|0|0|0|0|0|0|0|0|0|0|0|0|0|0|1|1|0|0|0|0|0|0|0|0|0|0|0|0|0|0|0|0|0|0;0|0|0|0|1|0
1415|124|1552|192|1576|192|0|0|0|0|0|0|0|0|0|0|0|1|1|0|0|0|0|0|0|0|0|0|0|0|0|0|0|0|0|0|0;0|0|0|0|1|0
1417|125|1552|192|1575|192|0|0|0|0|0|0|0|0|0|0|0|1|0|0|0|1|0|0|0|0|0|0|0|0|0|0|0|0|0|0|0;0|0|0|0|1|0
1418|127|1551|192|1575|192|0|0|0|0|0|0|0|0|0|0|0|1|0|0|0|1|0|0|0|0|0|0|0|0|0|0|0|0|0|0|0;0|0|0|0|1|0
1420|130|1551|192|1574|192|0|0|0|0|0|0|1|0|0|0|1|0|0|0|0|0|0|0|0|0|0|0|0|0|0|0|0|0|0|0|0;0|0|0|0|1|0
1421|132|1550|192|1574|192|0|0|0|0|0|0|1|0|0|0|1|0|0|0|0|0|0|0|0|0|0|0|0|0|0|0|0|0|0|0|0;0|0|0|0|1|0
1423|135|1550|192|1573|192|0|0|0|0|0|0|1|0|0|0|1|0|0|0|0|0|0|0|0|0|0|0|0|0|0|0|0|0|0|0|0;0|0|0|0|1|0
1424|139|1549|192|1573|192|0|0|0|0|0|0|1|0|0|0|1|0|0|0|0|0|0|0|0|0|0|0|0|0|0|0|0|0|0|0|0;0|0|0|0|1|0
