##Inputs->Hidden weights
-0.078347232303149|0.022050040455443|-0.05931620552086|0.059352012219797|0.0044479215189923|0.0042689182193379|-0.023410439075416|0.090396926983574|0.078307612403901|0.037489369555427|-0.056595481943531|0.070603690670276|0.051384455448594|0.0070576357189459|-0.041953100141045|-0.10821024974792|-0.087606439768263|-0.010324429433118|-0.072709742064156|-0.063335778717038|
0.098722274085404|-0.013813214252778|-0.075854502909364|-0.099812901583627|-0.096605589740961|-0.022373804112635|0.0080641759230242|0.01377908264657|0.015829636860152|0.021562809247671|-0.069273331511551|0.034145141180205|-0.012198855912347|-0.029394631789303|-0.088610230199748|0.02466752034053|0.057301061484814|0.058153848660585|0.0052326167012651|-0.039902590170969|
0.076211821495908|0.042383569096323|0.091509003057004|0.084396821613492|0.0094828528995002|-0.069482175339784|-0.0058522643980305|-0.053392156710099|0.067924732535679|-0.057950115341092|0.053411076581958|0.070266848995995|0.097002474694667|0.10011981872493|0.022281825832235|-0.018381889126311|-0.046120063427445|-0.042911247320128|0.069284864389488|-0.095543936647607|
-0.043353326720747|-0.089217919771968|0.03534809205122|-0.089324766895182|-0.084264372906512|0.081751173432452|-0.047721704390161|-0.050682668196907|0.0070245071200141|0.047012701963668|0.059080812082334|0.048787340117633|-0.011904321405912|-0.059876931808702|0.04874082135785|0.00086956924848406|-0.0027326684777189|0.078925298761952|0.053417978162001|-0.081098359509551|
-0.028460708231242|-0.039658522798026|0.048851558545602|0.027026692951609|0.057281444749888|-0.033551922202315|-0.073084086850611|-0.061770509176655|-0.03602002037358|0.09306997571795|-0.019763648499719|0.10478096868881|0.036534582752328|-0.0297004361216|-0.061494476501761|0.050746192754902|0.022862382142386|-0.10325016262917|0.053279199487961|-0.0017061021589103|
-0.07489634378777|0.087929457749945|-0.071191923804069|0.082133151618386|0.043221116423258|-0.040013804259715|-0.014811968326716|-0.086438700179045|0.091634796202283|0.038321200718438|-0.071479830239921|0.076241800075462|0.062622927650351|0.016224025989146|-0.061412929059265|-0.063149750365009|0.064765695373522|-0.0075767790911324|-0.067842686405726|0.00067234042142239|
0.062009378119925|-0.015381127047412|-0.042683182453734|0.01460909375592|0.02849997685101|0.054689598248396|0.04951770754712|9.1812105770914e-005|-0.069654802895623|-0.033029309594092|0.071557452261029|-0.093353809940389|0.009821746428522|0.034591493309482|-0.014288010551554|-0.081908578727634|0.086330236553849|0.090848899910182|0.0079916387422305|-0.02816831354438|
0.012873091927759|-0.02025910026861|0.069496390816807|-0.037103596929973|-0.020776957823797|-0.03928147006723|0.10310422626749|-0.033435787167112|0.054167904489486|0.0050385096450345|-0.053127468245789|0.050194785566793|0.075483580937457|-0.017758604413508|0.0004897038499664|0.074355192338426|-0.098435662370588|0.10920868181297|0.012360653430297|-0.085734336105131|
0.015206411206021|-0.062774775330598|0.066115309769212|0.023872234436514|0.026832143969715|-0.056595491409193|0.073075976979642|-0.075539821723558|-0.07985939243974|0.049762798751969|-0.033566672397308|0.088600177016852|-0.041346752129217|-0.032174086160602|-0.070597236803682|0.048545788193703|0.064965671821549|0.038950428256298|0.020008716231292|0.051154725055023|
-0.051661363636559|-0.070201319533669|-0.098210924544657|-0.083209571389163|0.06265075854471|0.068039419151373|-0.057506493806734|-0.076933855207235|0.010060439450991|-0.092451246419342|-0.077817927930771|-0.0078732073569306|0.051522744630457|0.036024636953807|0.010761800485536|-0.08741435039262|-0.010046954562897|-0.056222435631715|0.040133902210123|-0.04218389137903|
-0.039745765464843|-0.059879128004718|0.01644994183387|0.010191494058465|0.047514500763279|-0.076974279332118|-0.0058262209450088|0.087124246041403|0.032393118881968|0.095631978933475|-0.074909202574983|-0.02779238355019|-0.06856229370162|0.096509414219076|-0.0073211094179928|0.10460328369033|-0.067478170300198|0.015932729265246|-0.076055198868022|-0.017011831053056|
0.058445935636876|-0.096701297695237|0.07976329061008|-0.038219262801667|-0.032520555466403|0.044542916767624|-0.024570296633168|-0.06516125006049|0.018469687500369|0.031734397716511|-0.022957934034478|-0.0017254331496562|0.015171719864007|0.024294948090783|0.072127847393379|0.070731073008716|0.038099060970406|0.034988295943168|0.018215162250294|-0.029645232861336|
-0.11444336030726|0.03012683518995|0.01278994737094|0.083769716590717|-0.010299621561864|-0.074654212925402|0.012479671756925|0.031607600299281|0.003338922747065|-0.0068715080223654|-0.0245921142638|-0.073952338453935|0.037432630672335|0.021378870811589|0.024865851532977|0.051010313482758|0.083224647890049|-0.090121865370926|0.024500684920099|0.067022650311082|
0.03048077983458|0.0053284385150195|0.047382650520024|-0.088394099587292|0.07524771139935|0.082742689236686|-0.045475910633208|0.0056099423278366|-0.05280861377828|-0.041766290471953|-0.10211183782837|0.084020696253837|0.059319291148861|0.047839228272881|-0.06801555921741|-0.021399227376284|-0.061570988396941|-0.10486844748729|0.037805005337907|0.05745126827746|
0.02542072241034|-0.0047307830860066|-0.013215252795711|-0.033209211770195|-0.00037275403777492|-0.0009423438739922|-0.066465632390783|-0.031843547501657|0.046581143068615|-0.033589527672916|0.061716660936792|0.09784132113752|0.077555786049098|0.046870285306973|-0.03948959379161|0.086170157578003|-0.064280173706927|-0.080507782647378|0.060301584575898|0.0038927600105732|
0.046839792412068|0.10265521810518|-0.086450183476243|0.076051790884068|0.011108675865121|-0.031997659636612|-0.077101178758942|0.003697963567373|-0.047621937225593|-0.054332664057956|0.094849120113066|0.0052556643692311|0.039332187251417|-0.078501844637055|-0.0010473071687183|-0.032000687399684|-0.0099825532560314|0.06947971338334|-0.0023761484978112|-0.021489571378103|
0.025843905828955|0.0013137295221107|0.02036162590034|-0.015993430964733|-0.086394743802804|0.039245010458681|-0.079609870105744|0.022246987728059|0.064587159992275|0.0011117443241367|0.04413014722039|0.00081491015482736|-0.026607053122661|0.055747488364583|0.01602508502439|-0.024480977108981|0.096867805552675|0.021460010273249|-0.060605684317067|-0.023682115661588|
-0.085448671651173|0.043527720420462|0.089367088824405|0.02736675873236|-0.082111447645801|-0.036397869553285|-0.088610918171441|0.025456271074705|-0.081848773840879|0.072118187618627|0.06745490498639|0.020655663142406|0.041504237644515|0.069301438980296|-0.091672720229023|-0.070732669434289|0.047157899584726|0.018742226783726|-0.052509289823117|-0.085398077687109|
-0.10479090763693|0.0076473897610578|-0.029460858707266|-0.032454630349356|0.00014530592690474|0.029284607080918|0.059190811059079|0.058176030515061|-0.013249608219628|0.04831830649929|0.039961620990745|0.089783004259327|-0.080084985357029|0.029995347289379|-0.014451802502417|-0.034543149635522|-0.057402042028181|0.055840004440038|-0.083589973363353|-0.013785427972833|
0.0011195728535541|-0.04393753700794|0.014702069808107|-0.051056883814595|-0.019412766593348|-0.077751247801942|0.063157379963134|-0.07116010251482|-0.046335450932225|0.075615565519223|0.073962917215382|0.066873654376285|0.047911194602157|0.028730248062465|-0.024413194615336|0.079931686554468|-0.04380469757111|0.068740767933003|-0.052242523829606|-0.047989131344515|
-0.0058400711473668|0.091951036759004|-0.083837792405885|-0.079852701732498|0.023963649615342|-0.014628751478721|-0.079615932692487|-0.046521138584484|0.075110806449128|-0.03503460484193|-0.076162474884282|-0.065801787195545|0.085154791121076|-0.078181375256843|-0.086927576879262|-0.079337655369921|-0.021691354697213|0.079008796124478|-0.018077304032823|-0.011284993953231|
0.10190283796343|0.070292328552226|0.010283530149135|0.066800616082885|0.030721885584273|-0.017539357647119|-0.046437385038745|-0.095993711436169|0.011316754852025|0.087316781690436|-0.012176348637677|-0.045352109377898|0.019957762720623|-0.045521353042964|0.035572814490208|0.086277213701453|-0.01984542889458|0.07872849921709|-0.10492281400278|0.089864424315879|
0.023697319969754|0.055498433596512|0.019110552279286|-0.073485744091687|-0.056603909074964|-0.021438790295289|-0.099104464060867|-0.014031657878943|-0.079473813800391|0.032877658332756|0.075318741055966|-0.078286931040779|0.063196837805049|0.036748492853722|0.03684795449819|0.061094403265237|0.0028219499935754|0.035255027957469|-0.076583062111208|0.038419076574443|
0.082522891394583|0.066661964188673|-0.087372279746403|0.073582414284764|0.01233939946661|0.045041100860289|-0.079781195131211|0.019697140021933|0.10171927729451|-0.10301795041602|-0.033871565219331|-0.064845023741588|0.10472480104713|0.029438092131658|-0.045813576001763|0.074290625798011|-0.032541158135533|0.054437884587222|-0.065537398424691|-0.067176782225606|
-0.052638337741812|0.0041846559505491|0.080884013167917|-0.078612287796116|0.081307823653283|-0.011887538837704|-0.083862408796183|0.056139803887035|-0.065701501907102|0.095352815236353|0.054549181398101|0.074276084018643|-0.057776344388272|-0.0084113410521025|-0.098704915930728|0.050539827192184|-0.076285840215341|-0.019260195455226|-0.037300693320216|0.098598986529255|
-0.070042813437875|-0.036317698019955|-0.061881716399091|-0.049561788960108|-0.082391328102558|0.025601838321688|0.080379460672944|0.090109414785228|-0.05679662557073|0.044161893733627|0.035524868324023|0.026978419053022|0.088272727137312|-0.0092119516977251|0.083845929562756|0.023900213425748|-0.076869230463238|0.034064257602921|0.011759854112304|-0.013913597314076|
0.09737538866679|0.012800498401631|0.01631536717333|0.0081335122889359|-0.054268960102671|-0.019703524917067|-0.027723435722816|-0.091885354107356|0.061484259221418|-0.063656196390399|-0.082422214018331|-0.023505221272143|0.020578351398973|-0.085948400491144|-0.059291016410727|-0.070760551962301|0.026799714371196|-0.0072474586726338|0.02050064666472|0.041073696214081|
0.058361455757549|0.073181326743525|-0.030330904779567|0.060506436948441|-0.021329094159801|-0.059482379828035|0.088825148820162|0.073819051480166|-0.015572500394997|0.044753366880311|-0.041440641836844|0.050141409826447|0.024186564676696|-0.026086664831503|0.016877757501214|0.0053913620834131|-0.11650399304846|-0.016031151020778|-0.061149317536683|-0.021756297489938|
0.14678688053962|0.076678135211971|0.035775977954763|0.072005647384143|-0.059586133054811|-0.020937354324195|0.078141248973893|-0.040503506605316|-0.017015865189487|-0.038011599800721|-0.0090724810238816|0.017527936557076|0.056799336619679|0.032309685806273|0.038956286595968|-0.10829837610281|-0.086378992357753|-0.01953639806674|0.022659356186352|0.078592133073789|
0.004903342911098|0.018906514427637|-0.088593502439806|0.073070867762593|-0.090255671193753|0.0012976910060432|0.025497232335414|-0.020089576707323|0.036468695679649|-0.12001151144661|-0.072887428954546|-0.11285294699902|-0.097352439828726|-0.046241704665182|-0.044379948430902|0.012115156111022|-0.09281506985435|-0.0045562895687589|-0.099666632252655|0.030569427968781|
0.082202878871103|-0.043768806519877|0.028051686875698|0.013616919807917|-0.00024788412732021|0.0090225780128691|-0.085356481287091|0.0045259502848303|-0.08532017067568|0.060363813635972|0.009787111023293|0.071796892805056|0.046212806211937|-0.0081757815084624|0.028176771890742|0.013381022172752|-0.046255734612826|-0.0047568084604598|-0.1014357943506|0.057284544754928|
0.007130765026706|-0.05410830273708|-0.04427755978099|0.049735040165056|-0.11361020818736|-0.027798554674914|0.0020450791064032|-0.09376912721625|0.010858592557771|-0.042308069580698|0.051605584136642|0.031670918125213|-0.0031872908638631|-0.037608416766288|0.06026184849446|0.058700264195948|-0.0021451321371575|0.12866675658649|-0.10318506519884|0.012548172621943|
0.0090664329733563|-0.041297600193553|-0.041129788646706|-0.048814573788961|-0.071786303484943|0.016325327296543|-0.025994528427419|-0.101577701145|-0.10448425781052|0.0070767400496188|0.055143228158725|0.087194195496581|-0.034105757807836|0.041578719366378|0.022377454279429|0.072462321795847|0.081040074837476|-0.0079166373095003|0.022382265275533|-0.086011460999404|
0.018616585652301|-0.020485063480909|0.016094074708746|0.015180828945136|0.024624258733159|0.05864581591047|0.031989747045824|-0.037870265558623|-0.10532630386954|-0.038467977399417|-0.040301378663993|-0.057497213669158|0.046277543865927|-0.028380923340466|0.076208078008504|-0.071343374632397|0.045048748009935|0.012261449035675|0.079303829989632|-0.063878315177127|
-0.01730733663033|0.0694073849045|0.049912988248609|0.086247492268186|-0.06186717975603|0.077128912480553|0.058370100078299|0.081859987888661|0.062949101659513|0.078655517968518|0.018326079551574|-0.07678874482941|0.013942130595464|-0.056073860630626|-0.049709806820691|0.047493696482565|0.04853960206415|-0.077251824837668|0.038664544522018|-0.0036808661832819|
-0.051840032138032|0.069414675938362|0.057733257132612|-0.084775029923858|-0.071166822026531|0.011932809889849|-0.0029501443707058|0.039819819127888|-0.071747213813393|0.016142655807788|0.099082276608002|-0.12848957636733|0.02196509814734|0.016361583042835|-0.069312333642171|-0.10372887019213|-0.065717499218501|0.034533598585215|0.057138705852905|0.010630023042859|
0.022336430940784|0.083002725375646|-0.04987426307974|0.027028704499941|-0.065263966699854|-0.054021585982939|0.10246732274987|-0.031362349813589|-0.075867564260647|0.033388405849059|-0.060799164094074|-0.094643491755684|-0.08184109013136|-0.025221429274364|0.025709374250909|-0.047145666401692|-0.02213653488048|0.0065164917026254|-0.08120460831677|0.01287859176939|
0.10067020330248|0.004366467108561|0.035910932342254|0.072413571732257|-0.011695895866285|0.024669311960575|-0.081217649172729|0.012740074315913|-0.021744343941872|-0.046715396698948|0.093438757156904|-0.0088716035075682|-0.059310531465831|0.021473634234453|0.034407294281091|0.029011815243422|0.062600122374521|0.10396088181329|-0.04391589657247|0.077860336630503|
0.052368737394984|0.062999471097661|0.068074324662163|0.048207485553903|0.06613684415059|0.089455870493229|0.086601798769104|0.016283219159196|0.0072348614257631|-0.088904978540094|-0.015275729202035|0.064624218284518|-0.003732688117141|-0.05990590354386|-0.1049798280837|0.018443958595906|0.051109712403088|-0.067520392077358|-0.082560813879331|-0.020622808047637|
0.035352960821381|0.061067435173518|-0.069176109430057|-0.071278159553457|-0.089554410122321|-0.031211530657572|-0.096427807212782|0.095570518334717|0.028976243649356|-0.088649703079364|0.082173604481442|0.027624888229936|-0.014014131623043|-0.095937847366057|-0.051489090639996|-0.02148755792991|0.031158345406229|0.05623921307249|-0.095329658914345|0.065032578142824|
-0.089734207253194|0.01801101098193|0.009351012379068|0.094859242789214|0.004696199560019|-0.058154119333192|-0.042532932540228|0.050006452571432|-0.043640585969486|0.0085818452369046|0.015493458815085|-0.07454662470551|0.087730976775939|0.051310001763494|-0.069049217330113|0.0011319628358518|0.048638408483633|0.087140815512043|0.061030019014606|0.025841460401141|
0.017296440207033|0.087510878964852|0.036323690082408|-0.042216743219512|0.018048349825486|-0.039552297166145|0.011568624831693|0.041490051709587|-0.054090874726069|0.015024580602249|-0.0015154581261385|0.091860255059557|0.033609678331304|0.054766919649107|0.026883993275544|-0.0069958551194084|0.061991487431919|0.042969085049238|0.10107631668617|-0.057723148193584|
0.021239222187607|0.081008992291289|0.016479719427356|0.082314998456425|0.0055137295666864|0.001240542439804|-0.0065584940930902|0.078366721813769|0.087334032691334|-0.057870879730692|-0.047322487688039|-0.05747437205079|0.047467820601271|0.091045266142461|0.026670303048479|-0.088344861010464|0.030198583358181|-0.097698401919258|0.014574892071314|0.010935432736993|
-0.018818769471711|-0.091831047548343|0.096620371066947|-0.075444900419175|0.027719948406795|-0.096334190626457|-0.063949329900049|0.022975621729489|-0.045064038472411|-0.031804360120432|0.01638344339504|-0.024730837511468|-0.019582297060379|-0.062872355263179|0.040544777132163|-0.057178749723183|0.0021599005762825|-0.011587113825865|0.063110489974661|-0.012259183517369|
-0.12160717500997|-0.045628723991352|-0.029049162131908|-0.077884404631701|0.073820692919765|0.035771835075073|0.078219622788926|0.014934539741687|0.0067683123513426|0.014458375167004|0.022037505904097|0.036196875068027|0.077495368417546|-0.019324314580524|-0.022817753814572|-0.063652386809351|0.084983986826961|0.041553569608429|-0.0063582667879629|-0.077693739025966|
0.11124731406841|0.070260524629718|-0.091259270456673|-0.014770937232547|0.082412996526046|-0.088439342680028|-0.063388047213574|-0.055605418200304|-0.07209593947928|0.0037762949222661|-0.07515014825655|0.018324465163035|0.024350320691928|0.036787088019683|0.045592415643621|0.077282777682527|0.031288751324752|-0.032199742472759|0.06152758512595|-0.023178105635027|
0.16489629755818|0.090534364885371|-0.053872059643114|-0.065287396691713|-0.039825616656818|-0.057807620299951|0.020199230977121|-0.047368252067096|0.11164709444822|-0.091522488726806|-0.002757175301391|-0.043522799599218|-0.055100614407381|-0.054102246754994|-0.096533968594691|0.031899442377011|0.044666671045953|0.10513294115197|-0.1015566628638|-0.0071584966648145|
0.013733565218268|0.076134383334416|-0.003922217842833|-0.0014797460176926|0.040419223307346|-0.048000006685098|0.01260631048167|-0.073130997793901|0.098603704654448|0.065936150339809|0.08533031638629|-0.088887724483831|0.0081943337645349|0.030602974145243|0.04625653171498|0.039801700314497|-0.0509312808386|0.10088340639396|0.057551274026504|-0.058422676744956|
0.010241044051205|-0.08986490017234|0.0043999727489641|0.058074557831196|0.040855522614601|-0.095265889673925|0.046279475569082|0.010590518885474|0.082706448986983|0.075131500245948|0.059249262955679|-0.039020209839919|-0.021157615325672|-0.0037394688762665|-0.089499665867402|0.030377637301826|-0.099860190384787|0.053654086142216|0.051185212750778|-0.056119219194068|
-0.095601375903364|-0.096751640462733|0.033502477024561|-0.094536964696742|-0.0094333857131977|0.032955770516293|0.052359284967558|-0.018274789768225|0.089563321545436|0.034206918410618|-0.053968929232074|-0.00032286289390233|0.06917689296115|-0.085283972180978|-0.080717544248068|-0.063734185218047|-0.06041447807386|0.071219415418353|-0.033849612253492|-0.02964918493586|
0.029122513064119|-0.106105553031|0.062603932503333|-0.048623059577455|0.11092126220606|-0.052938550117099|-0.047026664888512|-0.062141583116371|-0.066761335164639|0.08563587127263|0.061952068568325|0.086320811276759|0.061056834356995|0.023254094225334|-0.087599219485387|-0.052642706023121|-0.048399176344329|-0.043987077935213|-0.0013934777435176|-0.063294751916893|
0.042899684489404|0.0022922051424205|0.0070676668561607|0.090931759261252|0.033233085945539|0.037046022370156|0.097005916434437|0.081085262271223|0.053663127766099|0.082126088525284|-0.08069178405899|-0.014645039929606|-0.047945395498084|-0.064344047284877|0.10454709745971|0.061836438535564|0.056996682500249|-0.10600889662188|0.038035529977303|0.061797625064015|
0.011622584669769|0.035058979724778|-0.081631690494509|0.046582483043192|0.0021746915192088|0.00050015983795649|0.067888490176378|0.044434173566592|-0.13377183169001|0.068980204946649|-0.042400639762504|-0.10417557903488|-0.073747822873604|-0.036077661815135|-0.057525346151799|0.10925456377968|0.011812005264957|-0.073994663183536|0.054678822763298|0.071696106152028|
-0.1066944081415|-0.12116476038719|0.04777105317515|-0.058784076053105|0.040821475272897|0.034083681742168|0.054469583164015|-0.063470319356328|-0.040443837980776|0.12114162190795|0.031276512359043|0.018339761987129|-0.085200059730928|0.039067220662581|-0.020056843144407|-0.00034848956357811|-0.080238318036316|-0.025431659550057|-0.016052065916164|-0.0861786149404|
0.031037957475951|0.10528705035103|-0.058907238784258|0.083727388827017|-0.099143395905033|0.068803588616893|0.08380492072643|-0.0095063734781974|-0.044175635315952|-0.0073584297134501|0.023555650120388|0.017502804223999|-0.0024400032655625|-0.098470017560974|0.0707483439036|-0.082883598093059|-0.062553015630049|-0.03303959219547|0.030983510963429|0.014205770196351|
0.20774964843515|0.072030931351722|0.069643458922251|-0.026022615390136|0.0040249224906221|0.059026987448288|-0.059214938181769|0.019833227157409|-0.058538260957627|-0.15692328597011|0.092112528191519|-0.038490567693533|0.11636916330478|0.003957575685885|0.044456612836282|-0.12342256823751|-0.0031982198268931|-0.06469366265706|0.028328437306948|0.098071103417557|
0.092033938746888|0.077687087900665|-0.034933492049441|0.052536922360748|-0.029283406282296|0.030703557036258|-0.036306572003766|0.083459277454862|0.030667605083843|0.0035494595041276|0.011642602106305|-0.099575929811282|0.024663857584694|0.035837295528824|-0.026581083717255|-0.049831114648182|-0.12070540771303|-0.014372732576213|0.011737189243606|0.079786918415311|
0.035793637300582|0.097935867099629|-0.014112043254318|-0.0045480106537698|-0.14945219530104|0.10393651022731|0.084922125897428|-0.0059387583478095|0.065261007008124|-0.057384284421009|0.049102589124137|0.002233734791414|0.030659513218048|-0.084744595855156|-0.026842271156386|-0.065210509711322|0.064920010786126|0.082936723009663|0.08700625466329|0.022642233510182|
0.062474738245871|-0.075786089279445|-0.0092297009252906|-0.048896515750603|-0.045847803034883|-0.076848993150784|0.086084561921058|-0.035398875414598|0.079217107688423|0.06840454222297|0.04304029218273|-0.050118969035665|-0.028017769476742|0.02069422900293|0.074139654785087|-0.056510517024366|-0.058177734290323|0.051960162860708|0.069916298456103|-0.053854615550101|
-0.03205396303612|-0.0082416646518571|0.085041071927869|0.01118209624328|-0.12363569499024|0.10377264948217|-0.074519754820841|0.027475669818371|-0.024335220655456|-0.074759091286|-0.058626710709699|-0.041956641186402|0.015899663453164|0.10039092864744|-0.084716469180807|-0.078000719203231|-0.042872562060868|-0.04847348553127|0.0017683045453712|0.0036225369351923|
-0.023075530096078|0.070208667219758|0.021190536704872|-0.049076586037159|-0.0075130635666923|-0.026622103043218|0.097924142297668|-0.0026562436980147|0.067579893081582|0.05599937777192|0.058230924603254|0.029647991460277|0.076741672370762|-0.033607285266757|0.093661805442324|-0.034346082537034|0.084095125054031|0.020287008252386|-0.071469011740342|0.057093191013203|
-0.014005845436555|-0.084486171166239|-0.095497667177351|-0.10185604769435|-0.0091465728383421|0.045294167307149|-0.076973054090462|-0.12439935336872|-0.076646644318395|0.057192070334039|0.037560793600306|0.051822569930881|0.02460080046199|-0.054185957330433|0.064165010196253|0.10151117469561|0.064885495028208|-0.077517483015604|-0.00023769134776921|-0.10196435920617|
-0.08965937319306|-0.11003745201527|-0.028702967269023|0.028318120006276|-0.022833603011045|-0.086755428028453|-0.046538213524779|-0.090413036296547|0.017875909749957|-0.072921570605228|-0.11361682257042|-0.0028593441766872|-0.045169591377019|0.045095896750759|-0.06496564143057|0.098906343620145|-0.077668790115254|-0.13017157088919|-0.063352372284891|0.054757114109842|
-0.08852236852529|-0.0031647735486376|-0.038350829123368|-0.0010655178120714|0.043789783231811|0.049387502993458|0.07569867336857|0.060880556648206|-0.12280608799485|-0.073217252563269|-0.034300699580118|0.038301206350543|0.045662733122266|-0.11023500280725|0.08011296501534|0.075023917297497|-0.027537620043162|-0.031558737325457|0.032690426580768|-0.015371606915136|
-0.066252042305389|0.082503432742629|0.09868616895196|0.027245369203233|0.011847065944784|-0.065124123357807|-0.081119446900581|-0.081578089209718|-0.012676424798001|-0.017680553909734|-0.057712367144249|-0.074379969848873|-0.024583907824845|0.022176490877388|0.088218004753186|0.033899315168812|0.086245094476404|-0.087319415289218|0.0013657256722157|-0.059507605909996|
0.068902739601591|-0.0048989767107417|-0.031360501766652|-0.0110792399623|-0.00097231704532283|-0.050235296945662|-0.036532377960633|-0.084652721769763|-0.069188759619129|-0.076230627960164|0.061934667915928|0.026276269256814|0.044889244948769|0.014568000379183|0.035041396560345|-0.050377310468958|0.040321205414622|-0.11571588218433|0.042236083554782|0.065276488346107|
-0.053994924558659|-0.10356279487753|-0.0030399229539372|-0.11273775838126|0.052223652017661|0.0047859963960259|0.0039899315306154|-0.0025358917931624|-0.021923183825175|0.043261712895826|-0.0038575283351267|0.018058662989415|0.02943852543325|0.054773360719461|-0.067834051239023|-0.013582843326205|0.043007409146733|-0.13233838040247|-0.014606287674661|-0.099234641134408|
0.05178405111973|-0.026200300113659|-0.083331506183504|-0.080286422412451|-0.00048398126559795|-0.005329603705701|0.016930365713428|-0.090858183790005|-0.02590351477625|0.022911971418141|0.079132376439279|-0.067047733157269|-0.05605202013872|-0.05692012674466|-0.10149039219889|0.053297729525077|-0.12393119204596|-0.074447272418127|-0.076354474622558|-0.050070091619672|
0.12907632742509|0.056717079192278|-0.07917131935461|-0.079611108189405|-0.17285214149825|-0.05225909405148|0.0157278212579|-0.061967233568436|0.042663528811955|-0.1432670935247|0.012294138157805|0.020258213874282|-0.033616953805134|-0.095694386755079|-0.055450644101779|-0.0071845452074768|0.010193538907157|0.025355577916481|0.051991306659664|-0.085174276414452|
0.017978345410371|0.068714687552382|0.022447323638003|0.0062867125019093|0.020195239936947|0.0010537558461034|-0.055833235698169|0.066117901157699|-0.081915270039179|-0.085208371319751|-0.083815364347686|-0.058507789369175|-0.045527477066497|0.044523093119916|-0.038792162701143|0.092421668131578|-0.03420531805818|-0.0082427056646194|-0.055996523636172|-0.086979095928507|
-0.06242813435773|-0.079434996525006|-0.037654197728512|0.016872805236983|0.12806607337422|-0.096052765875526|0.069719764078127|-0.079271396769017|0.024839827403895|0.051702641185441|-0.12843278713441|-0.054503611638622|-0.07070435673621|-0.020604779588899|-0.030752179446713|-0.01864831236164|-0.073392566783465|-0.15795447612174|0.049355890747623|0.057816145410535|
0.00028449626255773|0.04350987352963|-0.10206318435739|-0.015854389140581|0.028332907829224|0.057011610853239|-0.047669498272664|-0.011521698056887|0.00031429005337723|0.071710366544709|0.032606602118788|0.047765971538529|-0.00870403871101|-0.061440878398973|0.063147088314991|-0.052820863687456|0.0045048978058299|-0.014722677846624|-0.020157553847854|0.090386514607026|
-0.098675969729373|-0.022991127212231|-0.097114281810671|0.029446453273791|-0.02769258970883|-0.079850243182817|-0.057701188564621|-0.073909399445099|0.041914851652575|0.047935501820679|-0.126402899839|-0.021512486167959|-0.10827098818779|0.078222160365474|-0.079189869419573|0.019123490351437|0.1009871336543|0.0013849426658491|0.084852579158758|-0.021496249514368|
-0.080715762453911|-0.033047359753883|0.029530753106332|0.053450981004058|0.1250322287325|-0.059314721922455|-0.11088531167394|0.0055778834392406|-0.13148882450078|0.041388687471285|-0.055579162060942|0.075827054260337|-0.0076993845249844|-0.074046344876762|-0.015662060652164|-0.019613907431973|0.040984644894398|0.031454152599414|-0.084677072222235|-0.086196185181564|
-0.096193174077715|-0.063506721360796|-0.040010401331115|0.053509599871312|0.1119862558716|-0.055777301418519|-0.072959651954072|-0.009203993745482|-0.055137580053115|0.11836964378379|-0.057318601840004|-0.038773959178363|-0.049771562899969|-0.037748393876941|0.01847899855057|0.091815792691741|-0.01478087502549|-0.062678945250804|0.10537442521965|-0.0061830057480426|
-0.06864520861566|0.010790802793265|0.053283753639012|-0.093646967626382|-0.039085860246729|-0.0732693981391|-0.092039188271574|-0.054050352740252|-0.046630034816501|0.037564214889962|-0.071166581634594|-0.097586673683309|-0.0045595081019561|-0.084800202454635|-0.042254693846626|0.074159730243208|0.0018106962066349|0.069826091394725|-0.041879455573987|-0.085924944692153|
0.066644958826234|-0.012947719488082|-0.096050452674965|-0.0091534752634698|-0.024092370245563|-0.07402204808119|0.086865489131074|-0.014863119481337|0.091569542196347|-0.064948106469983|-0.039391217181722|-0.075393573234412|-0.00089614261607811|-0.04804818981541|-0.031702186755605|0.0004360027103287|0.025766876963733|0.022954442363821|-0.02605737255005|0.036784129524774|
0.091070142394361|-0.058607519319647|-0.083123847400035|0.021669685996778|0.012800941056066|0.031362664156892|-0.034824864696167|0.0033030136185048|-0.067768156968891|-0.071482055629424|-0.050131097097542|-0.057797162000579|0.08012279195392|-0.060222210877512|-0.052679650337404|-0.11059749950159|-0.065708686769572|-0.033948292515643|-0.05298312411963|-0.06377873468277|
-0.13220820097399|-0.067959613722942|-0.094470036874551|-0.0090910716421343|0.14637262548041|0.040375003167111|-0.01430551821484|0.056661949163313|-0.10226080178038|0.020398762503742|-0.053594758329315|0.03655326564059|-0.081204699418812|0.073681577468554|-0.035933693966381|-0.011778466409194|0.089221553147613|0.020616769707994|0.044135571985208|0.058210416866978|
-0.16053109368961|-0.07910925747362|-0.051025341129404|0.083141061735321|0.11768983210263|-0.024408007595754|0.033797402054723|-0.077583444167343|0.033323314590296|0.014287422934126|-0.13728265848021|0.053594780472654|-0.11497223004454|-0.06330334276444|-0.013064288300506|0.055976253345688|0.026138567768706|-0.050334528185839|-0.056512820985709|0.089503457926507|
-0.10986628443521|-0.10655760377858|0.07942645979794|-0.025617718107484|0.07660037846499|-0.078333017570299|-0.083538155967502|-0.029217064333338|0.00099297769303858|0.0033491128495421|0.024447644178881|0.049871045134608|-0.066740588096136|-0.014989426776945|0.078680480869246|-0.061253699504024|0.10558573782457|-0.0083798072298524|-0.045732100563478|-0.090305624423769|
##Tresholds
-0.0391177252253490.017473191235172-0.0189701519737370.0632258703127230.0503147742697420.016236945168190.075573021942344-0.04632973476471-0.079894766289922-0.018899745192243-0.079449040860304-0.033285298567262-0.0369203959781940.000116219794465110.0540206855955480.021733233346041-0.0452455301097630.0113303122234560.073936523409010.076063551063614
##Hidden->Output weights
-0.83557482372948|-0.16189859396898|-0.17821944522317|-0.18528865903076|0.20436857094442|-0.13571056581541|
-0.42259556044317|-0.12727532629119|-0.069516068339733|-0.055888040869793|0.18514226172368|-0.049013798847087|
0.070121937897014|-0.091551099708225|-0.12792269885758|-0.13878691611444|0.13150133275658|-0.13540150105098|
-0.034057768989511|-0.093728422297795|0.0099837755907218|-0.10881952511705|0.05045548960047|-0.060015655728754|
0.71493607653389|-0.13670452455377|-0.15014818382952|-0.11653916388959|0.09791130385474|-0.17225642715397|
-0.091752901403441|-0.024203221148817|-0.044756673140667|-0.06338776707599|0.1000648313805|-0.068928459741401|
-0.14127208332918|-0.10364331565513|-0.096907006471933|-0.15425013667317|0.14559349985087|-0.030337066350886|
-0.058402179293771|-0.094176226496511|-0.1192494367717|-0.098579965181077|-0.025033153093491|-0.0025277926767545|
-0.21586121100228|-0.11969805241027|-0.19353976372398|-0.061551970123187|0.14800384407771|-0.10561201658912|
0.49360707528168|-0.11928930455453|-0.079603394632658|-0.15445182178691|0.16226826625277|-0.10275806960274|
-0.36593111176604|-0.13343200650334|-0.027449749457768|-0.089294967671774|0.059521190109773|-0.085540562599425|
0.19343172364792|-0.037837453919722|-0.18812472750557|-0.17377421167278|0.017555835566339|-0.11100711940514|
-0.18449985544089|-0.10420200642349|-0.18440919158557|-0.22020470776916|0.089931597215495|-0.25431289819596|
0.070761372189746|-0.1538221022186|-0.14700074455332|-0.04460473777121|0.1035894831738|-0.17661708556337|
-0.017677816468379|0.0072441995573878|-0.16195035018435|-0.13235132160228|0.1261511608409|-0.11409531040324|
0.29091633928566|-0.11562128386702|-0.092029008097408|-0.041745113871626|0.1003966692619|-0.20254645487892|
0.3716427654781|-0.12015061269693|-0.23496827274866|-0.16844330416539|0.25142595098899|-0.15282758908562|
-0.33569371563585|-0.043503877578611|0.040226541103924|-0.033691455982083|0.019033598359068|0.0243694934691|
0.20582877145105|-0.1635636208512|-0.10167163873906|-0.18651348544898|0.060774304514789|-0.12350454493093|
-0.065007077811247|-0.092126197595328|-0.010467544725203|-0.040471056887042|0.07369759915852|-0.13192434514271|
##Tresholds
-0.14218002991290.263455633588130.176365618220460.15913865190076-0.194603964056370.16940711054083##Inputs->Hidden weights
-0.065571523159312|0.014130057492294|-0.058101676298599|0.05831467603825|0.00061844455033085|0.0053617804217682|-0.021686225351849|0.091454529790363|0.078953349704886|0.035642264960572|-0.055623047604592|0.069525259459238|0.054716088651012|0.0065931072880145|-0.042121124153243|-0.10935253298735|-0.091028588214635|-0.012510364038921|-0.075231706458409|-0.062414387966828|
0.10223762880891|-0.020628781240383|-0.073627508473735|-0.10242670494382|-0.094915657769848|-0.021914350916878|0.0090864599414052|0.012743112967195|0.0098030850063142|0.02755363396232|-0.072729787327239|0.036509474786272|-0.01452581943238|-0.029392313531011|-0.089104905811857|0.02823353624607|0.057749447558024|0.054682368105253|0.007548567606941|-0.040470455525133|
0.079727176219413|0.035568002108718|0.093735997492633|0.081783018253303|0.011172784870613|-0.069022722144027|-0.0048299803796495|-0.054428126389475|0.061898180681841|-0.051959290626443|0.04995462076627|0.072631182602063|0.094675511174633|0.10012213698323|0.021787150220127|-0.014815873220772|-0.045671677354235|-0.04638272787546|0.071600815295164|-0.096111802001771|
-0.064501108752222|-0.10323065661177|0.039035370406083|-0.096878965955408|-0.06722754905867|0.081480434254204|-0.052323612205029|-0.053448460401767|-0.0067691897184509|0.065054979899069|0.049978284968419|0.055595836886608|-0.021500605546069|-0.057283875473114|0.047217449117534|0.0091603852679356|0.0037336951018484|0.065210920862887|0.061985009083285|-0.082945282360847|
-0.052120293983421|-0.055909948811573|0.052811605652265|0.019096563146782|0.077352463846807|-0.033775416817623|-0.078107004223|-0.064589608975362|-0.051546688326382|0.114019027672|-0.030910590511313|0.11207573136128|0.025952373637227|-0.02666077521286|-0.06336993047076|0.061294396179648|0.030679690443472|-0.11800088673433|0.063209764093034|-0.0036705304204335|
-0.083617909527333|0.082378417844728|-0.069448327350226|0.080326027068613|0.05244367728123|-0.039960130646397|-0.015434096717685|-0.086404524139535|0.088633238715975|0.04390908376351|-0.075179391868377|0.078991681019169|0.060258818613628|0.017589036321308|-0.061705592237177|-0.060987799656796|0.066919505558031|-0.012189405970673|-0.064775305233225|0.00060755581223015|
0.092855307791854|0.018605384731058|-0.045729451968081|0.02904610272729|0.003222989295891|0.057225594495369|0.067600791508742|0.010227492704259|-0.050004518450447|-0.071550927494145|0.085691675557202|-0.10239274812453|0.030457108189608|0.030335501496918|-0.0087687234836414|-0.09387517531351|0.07797863273065|0.11589382206868|-0.0092986282905212|-0.022655760353329|
0.035980704580508|-0.017431591116563|0.067469587325657|-0.033363934390869|-0.037462304895978|-0.038484184242922|0.10818086099965|-0.032626350787628|0.059143307786718|-0.0087775642227976|-0.046448227897224|0.045099254245186|0.081478666733578|-0.020828284597697|0.0013073471846171|0.068149105092238|-0.10354177145554|0.11701190037266|0.0055350600510698|-0.084878147264535|
0.014303520963356|-0.082921723676721|0.066097956553528|0.013569182283917|0.025929636045209|-0.056066340159438|0.06993133652781|-0.08212065204308|-0.094400814155842|0.062076172586877|-0.036307038851865|0.093035924884062|-0.046053122353269|-0.032601156095867|-0.074358423693062|0.049758212408883|0.063290348704388|0.014532863845489|0.023939799254911|0.047877013392009|
-0.010987900150509|-0.049465130644561|-0.10149128688512|-0.075932773093093|0.045956598639672|0.069785924296766|-0.050735130980781|-0.073968874292598|0.023247900056073|-0.11153407347609|-0.065904852700565|-0.014802484191968|0.059282307354532|0.0331138406801|0.013792298718839|-0.10106170235646|-0.019835698253597|-0.030873534985928|0.034000498539026|-0.039502850491878|
-0.071967513455756|-0.07330948029849|0.018425119697557|0.0031538000029059|0.077627087290124|-0.080316803474037|-0.02145814338829|0.083465644424512|0.021371865781606|0.10479268364082|-0.092623537011768|-0.020965334582185|-0.074771455635393|0.098868178527551|-0.011306933944676|0.11696709390021|-0.055721278576579|-0.0040190526952836|-0.066465285900175|-0.022027977971674|
0.026521367227808|-0.10970392162337|0.081535511644321|-0.04528583070944|-0.0041676235876421|0.041199861420762|-0.040390033173331|-0.068825671376403|0.0072228947715878|0.040530897665483|-0.040325722050343|0.0047170923129408|0.0091868526802148|0.026484883427483|0.068240008353204|0.082604364897276|0.049667429363894|0.015026979953064|0.027861748144861|-0.034636646217626|
-0.16561492603545|0.0069510533838667|0.017907611977312|0.072445158332076|0.034624277933706|-0.078265209869899|-0.0048408209099104|0.027132417080491|-0.014560501930785|0.012918825057166|-0.050812794065625|-0.062738993738428|0.026886888933554|0.025819159585761|0.019368621007386|0.070724352635752|0.10146013815715|-0.12338474467438|0.037982213219664|0.061059112344813|
-0.02224324392223|-0.019018417307858|0.054177590812816|-0.10144835408494|0.12226627559177|0.079173600132571|-0.064087077391609|0.0014099625772348|-0.072315767054785|-0.016274746025018|-0.12929597516642|0.096824761383558|0.047706190574139|0.053348812027404|-0.073507825823399|0.00049634444231034|-0.042150003631394|-0.13954569981832|0.05405112356132|0.051477776537518|
0.053506427747012|0.024809159393002|-0.013030746873484|-0.019849239670337|-0.013555540557901|-0.00034791725301878|-0.056691707197029|-0.028463396532535|0.056501777610875|-0.049716677765819|0.067745052727569|0.095361975686286|0.084586026038777|0.046299361413334|-0.032831831916459|0.077642735755338|-0.06493068190718|-0.050864381908541|0.053263624402384|0.0050412638340377|
0.070665267037591|0.11501746011416|-0.09005201494486|0.080490433925486|-0.0080787696424959|-0.031763343826899|-0.074650678157245|0.004551723854957|-0.039706815490328|-0.067239760676821|0.10550499935907|-0.00031335085877101|0.044849849361201|-0.081153340008342|0.00086253062535724|-0.040344890099569|-0.016922141916217|0.082880156797984|-0.0071627742491686|-0.020341428190727|
0.041178608856691|0.0098707073469678|0.014989511883284|-0.015558558824946|-0.10650045202179|0.042029755889067|-0.07440678965659|0.022854347110942|0.067892976619572|-0.01381954553371|0.054517273509533|-0.0048192499177489|-0.023138858154249|0.052339170036326|0.017400336108538|-0.035585474636966|0.087243868322125|0.036058192451891|-0.064249713330224|-0.02142313515238|
-0.10781971475119|0.029788723726971|0.089203859583581|0.023439379853766|-0.063588641649115|-0.036759733854112|-0.092375941537044|0.023857534881411|-0.090847219775364|0.075386287742992|0.058075305576669|0.025084140195699|0.03624066390153|0.070856108636198|-0.091668528976108|-0.065331043087939|0.051066753229196|0.013205645880189|-0.045084794277363|-0.085891632511528|
-0.10457633983233|0.0046305916768367|-0.028139979531505|-0.036022604388024|-0.0015835729689784|0.029914244371803|0.061071128693706|0.059263496875028|-0.019186180322274|0.05772759349712|0.037584594074507|0.092229318126376|-0.080215595528002|0.031190722655411|-0.015836488000714|-0.034938774824873|-0.054453079898347|0.042914912624792|-0.086917277033828|-0.01362642423231|
0.02381790246212|-0.026673900346426|0.013734769546375|-0.050296705997244|-0.035087748147086|-0.077812714365006|0.069996105458069|-0.070012696790148|-0.040968511125361|0.068873560181709|0.08402792250701|0.062225760716763|0.052609229571789|0.027468723320963|-0.022965592106755|0.072839456565308|-0.046866050699118|0.06982896651484|-0.061740355707121|-0.047116326461635|
0.016073887787986|0.10851674801599|-0.084162151546261|-0.079152510933828|0.009782677814412|-0.014708150949998|-0.073493061546737|-0.045352899392709|0.080849431675946|-0.041157639713907|-0.06610493083276|-0.069529827007339|0.089412805861887|-0.079039636422565|-0.085650919711548|-0.086062190968954|-0.024993899657878|0.080251131998431|-0.027491300244508|-0.010436529865101|
0.097632922737829|0.073196221978242|0.011977455759797|0.067146025551893|0.033773821686517|-0.016984852271276|-0.044077411229602|-0.09479530860944|0.0092388204784723|0.092908348678447|-0.01337493628697|-0.042551521410765|0.019263272558287|-0.043813290475594|0.035704419472918|0.084496645286752|-0.019074608628405|0.07968000527142|-0.10725759050042|0.090072788268534|
-0.024188296064448|0.035539990920242|0.029911180866285|-0.079558678233157|-0.010970320746738|-0.019556711904595|-0.10569668766479|-0.01267726784782|-0.092890126799137|0.063390501937609|0.056261627479944|-0.061311197083517|0.057391903091791|0.046080643374957|0.035519710400223|0.081371445949427|0.020740180644885|0.017002241870005|-0.072325845111698|0.037463794093186|
0.090368099687753|0.087869970931875|-0.083681401162703|0.088599450349806|0.016366557979969|0.046069643863653|-0.072125380749778|0.028828573519312|0.11548016586924|-0.11683067416138|-0.032726598232377|-0.065890846013994|0.11302926730688|0.032016132987313|-0.039906595514007|0.074365255206034|-0.026401827115129|0.088569243669336|-0.076240390449129|-0.063426676429062|
-0.052674305429837|0.0043067903511493|0.081106529259168|-0.078582930727669|0.081468838309982|-0.011756887461889|-0.083720038024516|0.056197812091462|-0.065530109263653|0.09562409004917|0.054474027295134|0.074537093695501|-0.057497675842779|-0.0082199735687929|-0.098440790010321|0.050872522001075|-0.075931187991874|-0.019295464745284|-0.0368773257699|0.098746522080692|
-0.016567520550535|-0.0087548643613832|-0.071574768449608|-0.042777224167571|-0.13072795685469|0.024069445569323|0.090786789921902|0.089986967786511|-0.042585580574351|0.016283109323608|0.057439818140615|0.010995004606918|0.095247134078407|-0.017614034673321|0.085906058694486|0.00027065505314541|-0.095595236715124|0.05375936824265|0.003042484590634|-0.012414433045804|
0.12508393418638|0.028114252108664|0.01314451404615|0.011979679486942|-0.078425295621169|-0.019604593281565|-0.021226404575387|-0.090997656125638|0.068221658845429|-0.0761562468332|-0.071255707219338|-0.030595035884206|0.024498479860538|-0.089381392970866|-0.058006639080729|-0.082657593732933|0.017650854839494|0.0016966707252597|0.015456004674063|0.042236517008868|
0.08269677882084|0.090522653485591|-0.038825354420308|0.061433276531574|-0.033274289216638|-0.061660982471788|0.090909263045279|0.072090251577785|-0.0076065314280413|0.018977525021769|-0.02008509971757|0.034965122656825|0.032334170648775|-0.033618689371954|0.01653691665745|-0.016069086017551|-0.12961802900954|0.010677235896261|-0.071840683176678|-0.02542089754376|
0.16039879275633|0.072896158945495|0.027232915486251|0.064004371818093|-0.047232228913035|-0.025246188929214|0.068735490261584|-0.045128708102822|-0.012746559481328|-0.047452553846146|0.0022999723710862|0.0065523837662621|0.055980956629819|0.024631628451566|0.033243219983312|-0.11811602282844|-0.095159234991032|-0.0026076353940631|0.01694642581406|0.073792355422303|
-0.0042792218471247|0.0027112990242907|-0.097003377004007|0.061113618431104|-0.075135279527938|-0.0030728094827613|0.013624618714845|-0.025427182960087|0.039282162886152|-0.12253159791867|-0.065811350052557|-0.11918334678414|-0.10209177188384|-0.05361914604637|-0.051632992642831|0.013483835917243|-0.095455407237614|0.0076759742035065|-0.1042035704637|0.02456583367642|
0.079260662350355|-0.050346365173492|0.019542453824165|0.0055556937602655|0.0074471364809419|0.005416899678324|-0.092599024872503|0.00085899254180137|-0.080355966013926|0.051055120890465|0.018979471407139|0.063742627659105|0.044655171711241|-0.01561236224168|0.023216086783011|0.0098220888235906|-0.050828754507615|0.0091681485819157|-0.10731647698133|0.052533224474693|
0.065187662474705|-0.001261173586219|-0.049685461292246|0.066245418513248|-0.18167791881711|-0.025499630266095|0.019351124207608|-0.089302879914743|0.029286700666783|-0.084315736412009|0.085915230271003|0.012793444339053|0.018356065231408|-0.044091322475049|0.067536288356298|0.027165256771617|-0.016494541120729|0.15810279043691|-0.12010308140559|0.014103084873723|
-0.033165690192004|-0.049559959914277|-0.041456775138723|-0.051580472680981|-0.076921656118566|0.017488385937153|-0.023627219407692|-0.10158050502947|-0.12128109459614|0.0047099612640661|0.051006693738459|0.086527402590883|-0.036476809683113|0.042486965533497|0.019884258913649|0.069912328779819|0.084767078789848|-0.041592333304527|0.026171981069848|-0.085977321749627|
0.0041788662954818|-0.024816343067517|0.016187925732306|0.012696342782912|0.0096886675419274|0.060615027257228|0.03547363316617|-0.037798612943439|-0.11078831991218|-0.039247522235033|-0.034908028762725|-0.05980699918937|0.049967988182209|-0.027639856024671|0.076120103117454|-0.075851913980093|0.041672435077803|-0.0071090904500479|0.081450356677845|-0.063516915590957|
-0.01971515217419|0.059572786309318|0.044844741063418|0.083044832612837|-0.082903088271012|0.076762331433663|0.060699286627447|0.077986713940641|0.058218221263486|0.077464322236702|0.022142921890862|-0.084014494435264|0.01425309789002|-0.059181138963298|-0.051751098974988|0.044128333953567|0.041302420595861|-0.096576352267067|0.040214329946626|-0.0042318845203623|
-0.024403046918385|0.074798924474767|0.049963621628909|-0.078332824142139|-0.10469260962154|0.010858726469735|0.0048427090569553|0.036659394939329|-0.07140923327254|-0.0071864975936173|0.10594356567428|-0.14145475863606|0.024803681444887|0.010132710483132|-0.067553016076455|-0.11811443988788|-0.076898122895615|0.032773054831957|0.051220499517252|0.010068487732811|
0.085993178821318|0.15782326603484|-0.05054643755712|0.047714728810292|-0.10040131638397|-0.050078533281182|0.1263653837624|-0.014072821140854|-0.051134372297223|-0.026642754196351|-0.039164240243262|-0.11498172980842|-0.05339344069336|-0.027500130649724|0.037328901369571|-0.087641100469231|-0.038324293453965|0.05810371451379|-0.096980472857623|0.021214929036749|
0.14416869714289|0.021255056143329|0.036004087406742|0.075567464024619|-0.01721280228744|0.025956080476685|-0.079812826673496|0.015403675716529|-0.015542887789209|-0.056842662473899|0.10589980209217|-0.016101494631558|-0.05170411375379|0.020978359624377|0.036135628563581|0.0084315434868399|0.05310161156617|0.11321507718636|-0.047345878207811|0.080142766668812|
0.071139600028529|0.065617025146687|0.068758513330789|0.046742228842226|0.064633162568306|0.090401819623081|0.084788657971865|0.017743384085505|0.010324247893673|-0.089045801250076|-0.0079286871414479|0.063216751522336|-0.0015786354073981|-0.05969881434275|-0.10525465514721|0.010564438293979|0.047857953772924|-0.064886070688804|-0.083816571370007|-0.019899033596298|
0.030494311346332|0.058268127097737|-0.068834026033556|-0.07141039178491|-0.086146668676394|-0.031116130822959|-0.097350930789163|0.095570296927435|0.027374074877519|-0.08590088517841|0.079988463129106|0.028736476187667|-0.015049379692775|-0.095432363597763|-0.051736827452203|-0.020568643418222|0.031648841592401|0.056138067291178|-0.093972739461165|0.06488024637117|
-0.090247417654602|0.03527754028109|0.009704094711525|0.096923091380307|-0.0049816222922285|-0.056713302161563|-0.035561070482194|0.054603004687062|-0.044962382913754|-0.0037118855992772|0.022230408732478|-0.075329246947748|0.092801257341163|0.050613027769291|-0.065931163363303|0.00026256137331436|0.050690687598686|0.091365377771798|0.055727731490228|0.027764828778539|
0.0066750628820403|0.092461588202322|0.035510440596669|-0.047476162507767|0.014655615894899|-0.037769414383699|0.015098289982734|0.042080953938818|-0.06152111466814|0.009959975953906|0.0018638399046366|0.094161088884289|0.037365349950147|0.054498045846276|0.026927107900207|-0.0095646280748248|0.062267055789861|0.027930602566327|0.098444737368378|-0.057788485853801|
0.0078217208485999|0.08331207733832|0.017401599169842|0.075294148759362|0.0058821410813808|0.0031320332948751|-0.0046087726047674|0.079202813301936|0.077787726622553|-0.056767447789964|-0.045982926289688|-0.052922125354866|0.049679585820365|0.092042569892724|0.026471907908118|-0.088253653250228|0.031661170224296|-0.11404193739202|0.015045096089329|0.01078000454415|
-0.03408600592891|-0.097214602660146|0.096146630232773|-0.085161576038701|0.033334372684054|-0.095533636660883|-0.066098730983165|0.020761307907183|-0.05612564198884|-0.016789377254825|0.0073042360787164|-0.019649511699038|-0.020884673528006|-0.062483980531205|0.03731399339186|-0.045554136530076|0.0032420653150076|-0.038563703745556|0.066458222327419|-0.013057397210949|
-0.11974334159051|-0.046416601222908|-0.030523126387163|-0.077298039337064|0.068571543188523|0.036497502872048|0.079509936350937|0.018248872367029|0.0064844317986725|0.010463324576819|0.015301818446061|0.034263522440258|0.081276300287445|-0.02040627847793|-0.02319031072504|-0.055594308638205|0.083058335806557|0.027357724085871|-0.010645236437991|-0.074977504369419|
0.18437706521914|0.13503515353823|-0.092302240849192|0.0028735033040996|0.058035683017798|-0.085575928316692|-0.043907146017321|-0.044832322128313|-0.051712252107186|-0.045097161316293|-0.060022579753165|-0.0010530917176046|0.042906186853516|0.033682420083587|0.054481817149391|0.03417619532895|0.012642770216143|0.019186389383706|0.052765456439788|-0.01747925137397|
0.27573073680465|0.15347166635104|-0.059812024716175|-0.049959625084178|-0.091589236648246|-0.052125893760866|0.039274513203472|-0.039213527959398|0.14190068802246|-0.13373757642077|0.036365437995249|-0.063951926352508|-0.032679851373295|-0.061100131864444|-0.090657030104238|-0.014682910352396|0.017027511605943|0.15548714708865|-0.11876077698048|3.2233130887617e-005|
0.059880559108989|0.099867746214886|-0.0046306179129338|0.0031538918808385|0.034415265448084|-0.046110704972847|0.018074918028256|-0.068657692287078|0.11409830843313|0.050033265740392|0.098761885429746|-0.094002202750173|0.015616360164316|0.028791125444701|0.047818543172896|0.0223879632165|-0.05913392569543|0.12506030415623|0.052606172506428|-0.055722262468459|
0.010154871586688|-0.089926763215878|0.0043917041964386|0.058058103688165|0.040879483342797|-0.09528160408977|0.04624072010365|0.010582404897593|0.082657834892075|0.075141691090133|0.059189998689965|-0.039023328864105|-0.021216395676205|-0.003750605280355|-0.089537913965415|0.030389752706115|-0.099882591952018|0.053635716651095|0.051171503535085|-0.056147616646992|
-0.14469543365655|-0.11843132378685|0.038287852522622|-0.10568861687474|0.033235297634117|0.029359952429467|0.035320511801758|-0.022725754021353|0.072598458096171|0.052133897364344|-0.078995209271294|0.010158315621398|0.059192217249153|-0.081094135597073|-0.08614602367898|-0.045039175102432|-0.043049662193947|0.038641527513383|-0.021265117073549|-0.035523151014114|
0.021503349919311|-0.1094961173667|0.060729734308951|-0.052594113154232|0.10944095937743|-0.050296395429912|-0.044071586020976|-0.062353587209371|-0.071063438644282|0.083141628589042|0.062309553652575|0.086054438699143|0.059260802424063|0.022421968449894|-0.088157651011435|-0.055882247345512|-0.051612300641852|-0.042518154694789|-0.00071398802923952|-0.062109649169585|
0.056099348647361|-0.0059643308840954|0.0033797793014674|0.083154590050041|0.02612030265982|0.037751935138926|0.094496084682054|0.074746524411647|0.056759965086406|0.085532859996153|-0.0744128970773|-0.016116167790871|-0.04622703859071|-0.066869819644693|0.10236750114463|0.062177994526708|0.045975091078277|-0.095276420620086|0.035773406136046|0.060373611903028|
0.02689037681965|0.0099529875820427|-0.088305420113651|0.023017282024923|0.0010853169559607|-0.0020219743112083|0.048157875195746|0.032503958942076|-0.13094876749426|0.099088395029534|-0.036818098999805|-0.10635602203808|-0.077583285358044|-0.042068629370179|-0.069315113789709|0.1270076884547|-0.0029903936436515|-0.068458563856467|0.050382410893|0.06446779895829|
-0.11013519154775|-0.152540778985|0.042704506342116|-0.07974162292733|0.04268189219831|0.032834847631877|0.036256965350267|-0.070341527243085|-0.050050422317569|0.14402827084888|0.027963408951316|0.016401799206782|-0.095148347210291|0.033950699310851|-0.031068789295779|0.013094166057729|-0.089424189960751|-0.0431143930464|-0.017776834846037|-0.091073888398275|
0.10093753911392|0.15140876110361|-0.060454510629432|0.090003420002517|-0.13387307550585|0.070230266765434|0.095581991584942|-0.0037199709951755|-0.038145498025261|-0.039627584478517|0.042661047594427|0.0039288385285794|0.013889540052352|-0.10137328099563|0.075650818010195|-0.10652962519436|-0.078057009892459|-0.030940378369744|0.022621123679301|0.019026565650271|
0.26959756559291|0.07124239319034|0.067182335527555|-0.032999503137506|-0.017495277717094|0.05952960668182|-0.064308083387053|0.015257901792825|-0.059074972010236|-0.14619279603541|0.11843769673581|-0.036704389349948|0.12398959160841|0.0013854386458695|0.041448183544712|-0.11862180840189|-0.011318949966076|-0.11068181186278|0.022465131958167|0.10039516640209|
0.16349822119608|0.083595675765804|-0.039746340450442|0.041391620711092|-0.054240645489974|0.028969431403279|-0.045857990720817|0.080025572435298|0.039680656605345|0.00052401402701999|0.036450084860328|-0.10302503377067|0.028583701482323|0.028908301757318|-0.032394404926687|-0.052840301264267|-0.13320565055303|-0.034744369229901|0.0044597174812687|0.081339760632941|
0.047447273568056|0.086219702138957|-0.015889975324684|-0.010602625283863|-0.17620356158556|0.10566197517165|0.087398320249065|-0.0073596040173678|0.082460208570309|-0.05725664542848|0.071630676662045|0.0065429577904348|0.036952103202427|-0.086434374316577|-0.028008018461201|-0.055272909257986|0.065094493072246|0.076035631180735|0.079809044051165|0.022992302451622|
0.088631978579792|-0.054753771512271|-0.011347180375115|-0.047223728865657|-0.081217858003673|-0.074073004818804|0.098865101951768|-0.031497765923877|0.10445379163881|0.044951777577788|0.069243901198079|-0.05423723965709|-0.013197383502152|0.018735443274059|0.078700158974113|-0.062055080251414|-0.06023118121579|0.066552863018549|0.060431122549969|-0.050868444826224|
-0.015055071953398|0.0088050025878966|0.082231309142857|0.014032790469057|-0.15160232990561|0.1047850282769|-0.065416747575954|0.029776846175878|-0.0016893328027161|-0.096998758015353|-0.041643752518411|-0.04647067157319|0.030108612954907|0.097777540236634|-0.080855538758522|-0.080486544644976|-0.0452133595744|-0.047712423281039|-0.010324372391257|0.0069551310586545|
-0.026814264724486|0.043550253973726|0.018366095350524|-0.065837024528346|-0.0062099384259319|-0.036158171166302|0.080143209405819|-0.021149559454074|0.050203028790829|0.078637930717775|0.048602229520755|0.034242935176558|0.065014124048981|-0.037344428511919|0.085949446302586|-0.016467687035916|0.081450356454506|-0.019623234072953|-0.0752803507118|0.050437499715853|
-0.060462567870326|-0.15181581501859|-0.10046945322736|-0.13816459153762|0.028617287417352|0.032359083340854|-0.11390630751922|-0.1490540693663|-0.10400442293962|0.11239434561079|0.0090497899123204|0.062118128249846|0.0024868667929254|-0.05819371092124|0.045861920454457|0.14972567549804|0.067084282904364|-0.13476921832908|0.0022949019592062|-0.11485072246374|
-0.10880750150759|-0.14856250798287|-0.02977957401499|0.001950248012067|0.0032102464864226|-0.089813817544165|-0.067811965715539|-0.099372325345562|0.0067195857900855|-0.042601100930439|-0.12311357472386|0.0018267310545612|-0.055914560281584|0.044001255089818|-0.075035221540676|0.12284919940153|-0.077462727971184|-0.17074460465638|-0.059770447502758|0.049242025812379|
-0.044524147632311|0.027501315010933|-0.036317937894311|0.00042276675397526|0.029114440024503|0.052378635120368|0.094812200809526|0.072251175989635|-0.091425413588225|-0.10996608025856|-0.026193296172721|0.011973798865632|0.05855436751087|-0.11320753903037|0.083133272715383|0.016984244193805|-0.045752870494466|0.0044284635276282|0.023962881697938|-0.010006150063511|
-0.097386714487647|0.058970861317687|0.10060328957238|0.007136725846076|0.030814308838656|-0.065002973937951|-0.096909554718368|-0.084031239161979|-0.027245345118298|-0.0047642033246807|-0.057643198513797|-0.08084881755549|-0.028837502176998|0.021478902903208|0.080900165133334|0.016376019696503|0.088163491517325|-0.12370742039036|0.008806046211032|-0.062731631061014|
0.060984415912314|-0.016374317518087|-0.031847382333195|-0.028345582375155|-0.00086513858370479|-0.050737679484403|-0.049311432900988|-0.086683588720248|-0.075679441276094|-0.075589773740617|0.073025331291965|0.01482964565962|0.045192266447865|0.010693681344858|0.028499477397273|-0.077265907085797|0.035847602316193|-0.13918594361769|0.044913488654439|0.062228655205491|
-0.052589201854974|-0.12529035022806|-0.001643174114458|-0.13056701545623|0.050550451620227|0.0046704917675007|-0.0029812578762246|-0.0046013529514793|-0.015985284720155|0.048458241633572|0.006850712615103|0.0061762185568167|0.027679680659636|0.052962464057425|-0.074376192248362|-0.047279948968578|0.039248982923647|-0.13678586107583|-0.0075953457749671|-0.10332686935242|
0.056742341762135|-0.040258705241768|-0.076451942121437|-0.088271912388704|0.014364311207732|-0.0056834244517747|0.024374251353929|-0.085989095387168|-0.0035259294788476|0.017623233850558|0.078348989032961|-0.07751392921408|-0.053106675291459|-0.05457602347551|-0.10244853903792|0.023128239896242|-0.12716577200754|-0.072703059467938|-0.074954383766167|-0.04855784345377|
0.08870436080241|0.017264038384695|-0.079404062254305|-0.0952266023769|-0.14815817129858|-0.053662495368436|0.023769093186981|-0.072376195377592|0.054798453190342|-0.14893700882553|0.002918780808009|0.011995679804035|-0.046716045116028|-0.095825101846378|-0.056461424697567|-0.023501577909722|-0.0071863901842699|-0.0078008280859612|0.045456340734241|-0.079628507004921|
-0.053054515123352|-0.011768121479616|0.022809256470193|-0.028769958200408|0.078826422960373|-0.0082480750610558|-0.069701959354144|0.038781189891255|-0.10399751474807|-0.053602006855739|-0.12067790548395|-0.054231696076498|-0.078676869626611|0.044499965885012|-0.049723802365718|0.10225142477744|-0.043905630713449|-0.081679888447136|-0.053470239088051|-0.089266461466775|
-0.058340466575846|-0.11595569982228|-0.03722591568009|-0.013399622713809|0.14680925807981|-0.10379669344009|0.056031841337539|-0.094541767588477|0.012532853750827|0.075220475474192|-0.147085716899|-0.059586489984124|-0.084414296358841|-0.023895441170699|-0.043658468826919|-0.028483049388027|-0.08097012584944|-0.19694092680182|0.050438329770497|0.051395343821028|
0.015085297972786|0.035374794031919|-0.099436741827403|-0.029486939537161|0.034647755185259|0.058269163653614|-0.042163339252983|-0.0098473533109348|0.015044885568491|0.073214901675495|0.032450619186166|0.036288388743876|-0.0070680779940571|-0.062427234203864|0.058493519499534|-0.079619237003029|-0.0046403038382451|-0.023166600397425|-0.021661711932966|0.091623872867038|
-0.049822751532344|0.0027099756161016|-0.092627232278255|0.02788438957489|-0.048154469144964|-0.075270659658122|-0.034850984685649|-0.061424128265773|0.065748172598692|0.0093967923830226|-0.1128351986346|-0.048124983387272|-0.091547279902316|0.073244178471759|-0.077964879800484|-0.036873502289817|0.082453226301924|0.042973925732961|0.077851746630837|-0.018323596516469|
-0.11612275961602|-0.038831050114275|0.036122530478515|0.033870988154994|0.14226120463987|-0.057733836631391|-0.11909700066077|0.0094506146678971|-0.15528233334876|0.03904224066818|-0.056915934330622|0.064058510870721|-0.0092173556965082|-0.07459626122492|-0.021209595677854|-0.049175362672674|0.043372867577179|0.019139758262588|-0.071819755041637|-0.091152783674307|
-0.13289292660332|-0.074859964667647|-0.03448358272502|0.025590098386101|0.12514551592861|-0.054159880254084|-0.084521735177748|-0.0078149748639279|-0.087529707966752|0.121200400565|-0.058843640049064|-0.044486809701023|-0.055913824064106|-0.036530485140448|0.0099080759620321|0.060265516757366|-0.014336221807491|-0.090875280545467|0.11938397090081|-0.012870090829276|
-0.086149970659193|0.011483819923099|0.059069869629945|-0.11767997892504|-0.033129614906563|-0.071188843413729|-0.094986637633767|-0.049124214765909|-0.062914495497192|0.029939081972155|-0.069939736698712|-0.10682222029689|-0.0056291587159657|-0.083930541256969|-0.048823341802951|0.031367792143024|7.0053847054369e-005|0.0654822732501|-0.031946025277007|-0.090904682671762|
0.12517997568026|0.018655377550943|-0.092270507791858|-0.0095163026178443|-0.057021306859542|-0.070728509945286|0.10957190340164|-0.0023987618294437|0.11730618949309|-0.11249233747385|-0.021897000061407|-0.10671124288704|0.017139328682297|-0.05526400345918|-0.03044764490653|-0.064257160698362|0.002067469666652|0.070876484935306|-0.037806688986931|0.039402599470088|
0.030633231318234|-0.08898537257213|-0.077527373206001|0.0022612922575459|0.056720833875212|0.028431680724842|-0.032342679866561|-0.0032440640741393|-0.072195676284609|-0.093052804930993|-0.075955451502802|-0.068997321394167|0.068618117242499|-0.060884381195057|-0.057006788721628|-0.13045480863243|-0.07527069574165|-0.057215426116043|-0.051502116521152|-0.064870561880984|
-0.21469480965254|-0.1243536769748|-0.088652117791366|-0.039662982612375|0.21972466171473|0.030669997612816|-0.025432640472326|0.038230201915124|-0.12999166512418|0.027484065555913|-0.1046471083489|0.037397790449269|-0.10755379021564|0.073671034349964|-0.046538201894956|-0.0093931949472529|0.088041473282096|-0.025240175377952|0.054293905795505|0.051774070376848|
-0.11139885170245|-0.06437193287355|-0.049931653325001|0.072446916595077|0.10155767950043|-0.028105447136178|0.042562540156111|-0.077488640697811|0.039207180094942|-0.012949966583467|-0.13980700471051|0.031413584522447|-0.10841591522524|-0.07126050406723|-0.018270038593478|0.012681938905686|0.007365976513864|-0.018567570721376|-0.063495217956126|0.086484489739645|
-0.065189077181333|-0.082711614926975|0.084068451072518|-0.029288054565338|0.059557716892777|-0.074332573471309|-0.062559607480055|-0.017561141573916|0.021311194057641|-0.032599066719429|0.034462834008348|0.024848203689437|-0.051266527396145|-0.019603495062189|0.078655369892099|-0.11436834980036|0.087994620314674|0.031169702975477|-0.051500164610882|-0.087919940467346|
##Tresholds
-0.0198828040979350.031960972155218-0.00944812188613180.0986378545067450.035467553907060.0346854125836870.083306560876969-0.022184269954993-0.0588013920413760.03147426894802-0.051803234476549-0.0083705489069278-0.0204401505691310.0189871929072460.068814912910160.06456666645539-0.0242971944690480.0450155620705750.0845875499032280.087794825576254
##Hidden->Output weights
-1.0315531134962|-0.18300042047622|-0.20255190856168|-0.2073769808516|0.2236845701515|-0.16051050232107|
-0.5625932114016|-0.14744728506648|-0.093700048397146|-0.078604024716701|0.20410825811472|-0.074086195688449|
0.25256777067902|-0.098239233946996|-0.13538019526724|-0.14606326380319|0.13865908039246|-0.14346215437114|
-0.19147430151158|-0.10468393221927|-0.0032851902938742|-0.12321067667151|0.063222944172606|-0.074854294526773|
0.87473813563291|-0.16883667006396|-0.18633810592896|-0.16109951837168|0.13724256877796|-0.21064418620236|
0.019615726988763|-0.037191380948169|-0.059246806351512|-0.076294000747604|0.11245734543652|-0.083179719832533|
-0.2906945501667|-0.11856600843888|-0.11446593245747|-0.17105519302327|0.16088194416648|-0.049243674737252|
6.5153715749827e-005|-0.10189777350209|-0.12817789479321|-0.10792174599401|-0.015875217747013|-0.013211403039091|
-0.32944961140378|-0.1358835207299|-0.21189645530467|-0.081004214342022|0.16528386001007|-0.12675303657861|
0.59643018019528|-0.13544264434711|-0.09803708813986|-0.17452227099689|0.18083367659914|-0.12097175176303|
-0.44293926653643|-0.15028770173242|-0.047022351367958|-0.10664078702505|0.075379592791662|-0.10497612951919|
0.25760394680266|-0.049848628577686|-0.20076105797071|-0.18716984950501|0.030631701621831|-0.12441053013853|
-0.15096780358736|-0.12301968309629|-0.20578981060445|-0.23966617069677|0.10804401053669|-0.27557101133142|
0.16982442912791|-0.16216132777554|-0.15634057493788|-0.054391562722854|0.11290342710956|-0.18687612497892|
-0.061086596522387|-0.0094203851589181|-0.18021876457172|-0.15009769711633|0.1420753684734|-0.13253215438641|
0.37534521358578|-0.1332235869119|-0.11233243317915|-0.064935548819495|0.12030458746954|-0.2213322295577|
0.31940216728598|-0.14663499769505|-0.26390039555901|-0.20271581390455|0.28155934119616|-0.18529625423389|
-0.55376816011501|-0.053480614316266|0.027757838116073|-0.047664249619369|0.031607543418948|0.0073618952728287|
0.26927814957123|-0.18172337782912|-0.12201858921994|-0.20721892787457|0.080627464810131|-0.1441938705836|
-0.041303613025478|-0.10403592615871|-0.024109009432243|-0.053459002268172|0.08545925684489|-0.14524005924019|
##Tresholds
-0.199040600026020.319885967949590.241387796490240.22968729546029-0.25706548728360.23743187950066