inputs: 40|192|0|0|0|0|0|0|0|0|0|0|0|0|0|0|0|0|0|0|0|0|0|0|0|0|0|0|0|0|0|0|1|1|1|1|1| Net Outputs: 0.709|0.012|0.014|0.012|0.985|0.011|
inputs: 40|188|0|0|0|0|0|0|0|0|0|0|0|0|0|0|0|0|0|0|0|0|0|0|0|0|0|0|0|0|0|0|0|0|0|0|0| Net Outputs: 0.709|0.012|0.014|0.012|0.985|0.011|
inputs: 40|184|0|0|0|0|0|0|0|0|0|0|0|0|0|0|0|0|0|0|0|0|0|0|0|0|0|0|0|0|0|0|0|0|0|0|0| Net Outputs: 0.709|0.012|0.014|0.012|0.985|0.011|
inputs: 40|180|0|0|0|0|0|0|0|0|0|0|0|0|0|0|0|0|0|0|0|0|0|0|0|0|0|0|0|0|0|0|0|0|0|0|0| Net Outputs: 0.709|0.012|0.014|0.012|0.985|0.011|
inputs: 40|176|0|0|0|0|0|0|0|0|0|0|0|0|0|0|0|0|0|0|0|0|0|0|0|0|0|0|0|0|0|0|0|0|0|0|0| Net Outputs: 0.709|0.012|0.014|0.012|0.985|0.011|
inputs: 40|173|0|0|0|0|0|0|0|0|0|0|0|0|0|0|0|0|0|0|0|0|0|0|0|0|0|0|0|0|0|0|0|0|0|0|0| Net Outputs: 0.709|0.012|0.014|0.012|0.985|0.011|
inputs: 40|169|0|0|0|0|0|0|0|0|0|0|0|0|0|0|0|0|0|0|0|0|0|0|0|0|0|0|0|0|0|0|0|0|0|0|0| Net Outputs: 0.709|0.012|0.014|0.012|0.985|0.011|
inputs: 41|166|0|0|0|0|0|0|0|0|0|0|0|0|0|0|0|0|0|0|0|0|0|0|0|0|0|0|0|0|0|0|0|0|0|0|0| Net Outputs: 0.709|0.012|0.014|0.012|0.985|0.011|
inputs: 41|163|0|0|0|0|0|0|0|0|0|0|0|0|0|0|0|0|0|0|0|0|0|0|0|0|0|0|0|0|0|0|0|0|0|0|0| Net Outputs: 0.709|0.012|0.014|0.012|0.985|0.011|
inputs: 41|160|0|0|0|0|0|0|0|0|0|0|0|0|0|0|0|0|0|0|0|0|0|0|0|0|0|0|0|0|0|0|0|0|0|0|0| Net Outputs: 0.709|0.012|0.014|0.012|0.985|0.011|
inputs: 42|157|0|0|0|0|0|0|0|0|0|0|0|0|0|0|0|0|0|0|0|0|0|0|0|0|0|0|0|0|0|0|0|0|0|0|0| Net Outputs: 0.709|0.012|0.014|0.012|0.985|0.011|
inputs: 42|154|0|0|0|0|0|0|0|0|0|0|0|0|0|0|0|0|0|0|0|0|0|0|0|0|0|0|0|0|0|0|0|0|0|0|0| Net Outputs: 0.709|0.012|0.014|0.012|0.985|0.011|
inputs: 42|152|0|0|0|0|0|0|0|0|0|0|0|0|0|0|0|0|0|0|0|0|0|0|0|0|0|0|0|0|0|0|0|0|0|0|0| Net Outputs: 0.709|0.012|0.014|0.012|0.985|0.011|
inputs: 43|149|0|0|0|0|0|0|0|0|0|0|0|0|0|0|0|0|0|0|0|0|0|0|0|0|0|0|0|0|0|0|0|0|0|0|0| Net Outputs: 0.709|0.012|0.014|0.012|0.985|0.011|
inputs: 43|147|0|0|0|0|0|0|0|0|0|0|0|0|0|0|0|0|0|0|0|0|0|0|0|0|0|0|0|0|0|0|0|0|0|0|0| Net Outputs: 0.709|0.012|0.014|0.012|0.985|0.011|
inputs: 44|145|0|0|0|0|0|0|0|0|0|0|0|0|0|0|0|0|0|0|0|0|0|0|0|0|0|0|0|0|0|0|0|0|0|0|0| Net Outputs: 0.709|0.012|0.014|0.012|0.985|0.011|
inputs: 45|143|0|0|0|0|0|0|0|0|0|0|0|0|0|0|0|0|0|0|0|0|0|0|0|0|0|0|0|0|0|0|0|0|0|0|0| Net Outputs: 0.709|0.012|0.014|0.012|0.985|0.011|
inputs: 45|141|0|0|0|0|0|0|0|0|0|0|0|0|0|0|0|0|0|0|0|0|0|0|0|0|0|0|0|0|0|0|0|0|0|0|0| Net Outputs: 0.709|0.012|0.014|0.012|0.985|0.011|
inputs: 46|139|0|0|0|0|0|0|0|0|0|0|0|0|0|0|0|0|0|0|0|0|0|0|0|0|0|0|0|0|0|0|0|0|0|0|0| Net Outputs: 0.709|0.012|0.014|0.012|0.985|0.011|
inputs: 47|137|0|0|0|0|0|0|0|0|0|0|0|0|0|0|0|0|0|0|0|0|0|0|0|0|0|0|0|0|0|0|0|0|0|0|0| Net Outputs: 0.709|0.012|0.014|0.012|0.985|0.011|
inputs: 47|135|0|0|0|0|0|0|0|0|0|0|0|0|0|0|0|0|0|0|0|0|0|0|0|0|0|0|0|0|0|0|0|0|0|0|0| Net Outputs: 0.709|0.012|0.014|0.012|0.985|0.011|
inputs: 48|134|0|0|0|0|0|0|0|0|0|0|0|0|0|0|0|0|0|0|0|0|0|0|0|0|0|0|0|0|0|0|0|0|0|0|0| Net Outputs: 0.709|0.012|0.014|0.012|0.985|0.011|
inputs: 49|132|0|0|0|0|0|0|0|0|0|0|0|0|0|0|0|0|0|0|0|0|0|0|0|0|0|0|0|0|0|0|0|0|0|0|0| Net Outputs: 0.709|0.012|0.014|0.012|0.985|0.011|
inputs: 50|131|0|0|0|0|0|0|0|0|0|0|0|0|0|0|0|0|0|0|0|0|0|0|0|0|0|0|0|0|0|0|0|0|0|0|0| Net Outputs: 0.709|0.012|0.014|0.012|0.985|0.011|
inputs: 51|130|0|0|0|0|0|0|0|0|0|0|0|0|0|0|0|0|0|0|0|0|0|0|0|0|0|0|0|0|0|0|0|0|0|0|0| Net Outputs: 0.709|0.012|0.014|0.012|0.985|0.011|
inputs: 52|129|0|0|0|0|0|0|0|0|0|0|0|0|0|0|0|0|0|0|0|0|0|0|0|0|0|0|0|0|0|0|0|0|0|0|0| Net Outputs: 0.709|0.012|0.014|0.012|0.985|0.011|
inputs: 53|128|0|0|0|0|0|0|0|0|0|0|0|0|0|0|0|0|0|0|0|0|0|0|0|0|0|0|0|0|0|0|0|0|0|0|0| Net Outputs: 0.709|0.012|0.014|0.012|0.985|0.011|
inputs: 54|127|0|0|0|0|0|0|0|0|0|0|0|0|0|0|0|0|0|0|0|0|0|0|0|0|0|0|0|0|0|0|0|0|0|0|0| Net Outputs: 0.709|0.012|0.014|0.012|0.985|0.011|
inputs: 55|127|0|0|0|0|0|0|0|0|0|0|0|0|0|0|0|0|0|0|0|0|0|0|0|0|0|0|0|0|0|0|0|0|0|0|0| Net Outputs: 0.709|0.012|0.014|0.012|0.985|0.011|
inputs: 56|126|0|0|0|0|0|0|0|0|0|0|0|0|0|0|0|0|0|0|0|0|0|0|0|0|0|0|0|0|0|0|0|0|0|0|0| Net Outputs: 0.709|0.012|0.014|0.012|0.985|0.011|
inputs: 57|126|0|0|0|0|0|0|0|0|0|0|0|0|0|0|0|0|0|0|0|0|0|0|0|0|0|0|0|0|0|0|0|0|0|0|0| Net Outputs: 0.709|0.012|0.014|0.012|0.985|0.011|
inputs: 58|126|0|0|0|0|0|0|0|0|0|0|0|0|0|0|0|0|0|0|0|0|0|0|0|0|0|0|0|0|0|0|0|0|0|0|0| Net Outputs: 0.709|0.012|0.014|0.012|0.985|0.011|
inputs: 59|126|0|0|0|0|0|0|0|0|0|0|0|0|0|0|0|0|0|0|0|0|0|0|0|0|0|0|0|0|0|0|0|0|0|0|0| Net Outputs: 0.709|0.012|0.014|0.012|0.985|0.011|
inputs: 61|126|0|0|0|0|0|0|0|0|0|0|0|0|0|0|0|0|0|0|0|0|0|0|0|0|0|0|0|0|0|0|0|0|0|0|0| Net Outputs: 0.709|0.012|0.014|0.012|0.985|0.011|
inputs: 62|126|0|0|0|0|0|0|0|0|0|0|0|0|0|0|0|0|0|0|0|0|0|0|0|0|0|0|0|0|0|0|0|0|0|0|0| Net Outputs: 0.709|0.012|0.014|0.012|0.985|0.011|
inputs: 63|127|0|0|0|0|0|0|0|0|0|0|0|0|0|0|0|0|0|0|0|0|0|0|0|0|0|0|0|0|0|0|0|0|0|0|0| Net Outputs: 0.709|0.012|0.014|0.012|0.985|0.011|
inputs: 64|128|0|0|0|0|0|0|0|0|0|0|0|0|0|0|0|0|0|0|0|0|0|0|0|0|0|0|0|0|0|0|0|0|0|0|0| Net Outputs: 0.709|0.012|0.014|0.012|0.985|0.011|
inputs: 66|130|0|0|0|0|0|0|0|0|0|0|0|0|0|0|0|0|0|0|0|0|0|0|0|0|0|0|0|0|0|0|0|0|0|0|0| Net Outputs: 0.709|0.012|0.014|0.012|0.985|0.011|
inputs: 67|132|0|0|0|0|0|0|0|0|0|0|0|0|0|0|0|0|0|0|0|0|0|0|0|0|0|0|0|0|0|0|0|0|0|0|0| Net Outputs: 0.709|0.012|0.014|0.012|0.985|0.011|
inputs: 69|135|0|0|0|0|0|0|0|0|0|0|0|0|0|0|0|0|0|0|0|0|0|0|0|0|0|0|0|0|0|0|0|0|0|0|0| Net Outputs: 0.709|0.012|0.014|0.012|0.985|0.011|
inputs: 70|138|0|0|0|0|0|0|0|0|0|0|0|0|0|0|0|0|0|0|0|0|0|0|0|0|0|0|0|0|0|0|0|0|0|0|0| Net Outputs: 0.709|0.012|0.014|0.012|0.985|0.011|
inputs: 72|141|0|0|0|0|0|0|0|0|0|0|0|0|0|0|0|0|0|0|0|0|0|0|0|0|0|0|0|0|0|0|0|0|0|0|0| Net Outputs: 0.709|0.012|0.014|0.012|0.985|0.011|
inputs: 73|145|0|0|0|0|0|0|0|0|0|0|0|0|0|0|0|0|0|0|0|0|0|0|0|0|0|0|0|0|0|0|0|0|0|0|0| Net Outputs: 0.709|0.012|0.014|0.012|0.985|0.011|
inputs: 75|150|0|0|0|0|0|0|0|0|0|0|0|0|0|0|0|0|0|0|0|0|0|0|0|0|0|0|0|0|0|0|0|0|0|0|0| Net Outputs: 0.709|0.012|0.014|0.012|0.985|0.011|
inputs: 76|154|0|0|0|0|0|0|0|0|0|0|0|0|0|0|0|0|0|0|0|0|0|0|0|0|0|0|0|0|0|0|0|0|0|0|0| Net Outputs: 0.709|0.012|0.014|0.012|0.985|0.011|
inputs: 78|158|0|0|0|0|0|0|0|0|0|0|0|0|0|0|0|0|0|0|0|0|0|0|0|0|0|0|0|0|0|0|0|0|0|0|0| Net Outputs: 0.709|0.012|0.014|0.012|0.985|0.011|
inputs: 79|162|0|0|0|0|0|0|0|0|0|0|0|0|0|0|0|0|0|0|0|0|0|0|0|0|0|0|0|0|0|0|0|0|0|0|0| Net Outputs: 0.709|0.012|0.014|0.012|0.985|0.011|
inputs: 81|166|0|0|0|0|0|0|0|0|0|0|0|0|0|0|0|0|0|0|0|0|0|0|0|0|0|0|0|0|0|0|0|0|0|0|0| Net Outputs: 0.709|0.012|0.014|0.012|0.985|0.011|
inputs: 82|170|0|0|0|0|0|0|0|0|0|0|0|0|0|0|0|0|0|0|0|0|0|0|0|0|0|0|0|0|0|0|0|0|0|0|0| Net Outputs: 0.709|0.012|0.014|0.012|0.985|0.011|
inputs: 84|175|0|0|0|0|0|0|0|0|0|0|0|0|0|0|0|0|0|0|0|0|0|0|0|0|0|0|0|0|0|0|0|0|0|0|0| Net Outputs: 0.709|0.012|0.014|0.012|0.985|0.011|
inputs: 85|179|0|0|0|0|0|0|0|0|0|0|0|0|0|0|0|0|0|0|0|0|0|0|0|0|0|0|0|0|0|0|0|0|0|0|0| Net Outputs: 0.709|0.012|0.014|0.012|0.985|0.011|
inputs: 87|183|0|0|0|0|0|0|0|0|0|0|0|0|0|0|0|0|0|0|0|0|0|0|0|0|0|0|0|0|0|0|0|0|0|0|0| Net Outputs: 0.709|0.012|0.014|0.012|0.985|0.011|
inputs: 88|187|0|0|0|0|0|0|0|0|0|0|0|0|0|0|0|0|0|0|0|0|0|0|0|0|0|0|0|0|0|0|0|0|0|0|0| Net Outputs: 0.709|0.012|0.014|0.012|0.985|0.011|
inputs: 90|192|0|0|0|0|0|0|0|0|0|0|0|0|0|0|0|0|0|0|0|0|0|0|0|0|0|0|0|0|0|0|1|1|1|1|1| Net Outputs: 0.709|0.012|0.014|0.012|0.985|0.011|
inputs: 91|192|0|0|0|0|0|0|0|0|0|0|0|0|0|0|0|0|0|0|0|0|0|0|0|0|0|0|0|0|0|0|1|1|1|1|1| Net Outputs: 0.709|0.012|0.014|0.012|0.985|0.011|
inputs: 93|192|0|0|0|0|0|0|0|0|0|0|0|0|0|0|0|0|0|0|0|0|0|0|0|0|0|0|0|0|0|0|1|1|1|1|1| Net Outputs: 0.709|0.012|0.014|0.012|0.985|0.011|
inputs: 94|192|0|0|0|0|0|0|0|0|0|0|0|0|0|0|0|0|0|0|0|0|0|0|0|0|0|0|0|0|0|0|1|1|1|1|1| Net Outputs: 0.709|0.012|0.014|0.012|0.985|0.011|
inputs: 96|192|0|0|0|0|0|0|0|0|0|0|0|0|0|0|0|0|0|0|0|0|0|0|0|0|0|0|0|0|0|0|1|1|1|1|1| Net Outputs: 0.709|0.012|0.014|0.012|0.985|0.011|
inputs: 97|192|0|0|0|0|0|0|0|0|0|0|0|0|0|0|0|0|0|0|0|0|0|0|0|0|0|0|0|0|0|0|1|1|1|1|1| Net Outputs: 0.709|0.012|0.014|0.012|0.985|0.011|
inputs: 99|192|0|0|0|0|0|0|0|0|0|0|0|0|0|0|0|0|0|0|0|0|0|0|0|0|0|0|0|0|0|0|1|1|1|1|1| Net Outputs: 0.709|0.012|0.014|0.012|0.985|0.011|
inputs: 100|192|0|0|0|0|0|0|0|0|0|0|0|0|0|0|0|0|0|0|0|0|0|0|0|0|0|0|0|0|0|0|1|1|1|1|1| Net Outputs: 0.709|0.012|0.014|0.012|0.985|0.011|
inputs: 102|192|0|0|0|0|0|0|0|0|0|0|0|0|0|0|0|0|0|0|0|0|0|0|0|0|0|0|0|0|0|0|1|1|1|1|1| Net Outputs: 0.709|0.012|0.014|0.012|0.985|0.011|
inputs: 103|192|0|0|0|0|0|0|0|0|0|0|0|0|0|0|0|0|0|0|0|0|0|0|0|0|0|0|0|0|0|0|1|1|1|1|1| Net Outputs: 0.709|0.012|0.014|0.012|0.985|0.011|
inputs: 105|192|0|0|0|0|0|0|0|0|0|0|0|0|0|0|0|0|0|0|0|0|0|0|0|0|0|0|0|0|0|0|1|1|1|1|1| Net Outputs: 0.709|0.012|0.014|0.012|0.985|0.011|
inputs: 106|192|0|0|0|0|0|0|0|0|0|0|0|0|0|0|0|0|0|0|0|0|0|0|0|0|0|0|0|0|0|0|1|1|1|1|1| Net Outputs: 0.709|0.012|0.014|0.012|0.985|0.011|
inputs: 108|192|0|0|0|0|0|0|0|0|0|0|0|0|0|0|0|0|0|0|0|0|0|0|0|0|0|0|0|0|0|0|1|1|1|1|1| Net Outputs: 0.709|0.012|0.014|0.012|0.985|0.011|
inputs: 109|192|0|0|0|0|0|0|0|0|0|0|0|0|0|0|0|0|0|0|0|0|0|0|0|0|0|0|0|0|0|0|1|1|1|1|1| Net Outputs: 0.709|0.012|0.014|0.012|0.985|0.011|
inputs: 111|192|0|0|0|0|0|0|0|0|0|0|0|0|0|0|0|0|0|0|0|0|0|0|0|0|0|0|0|0|0|0|1|1|1|1|1| Net Outputs: 0.709|0.012|0.014|0.012|0.985|0.011|
inputs: 112|192|0|0|0|0|0|0|0|0|0|0|0|0|0|0|0|0|0|0|0|0|0|0|0|0|0|0|0|0|0|0|1|1|1|1|1| Net Outputs: 0.709|0.012|0.014|0.012|0.985|0.011|
inputs: 114|192|0|0|0|0|0|0|0|0|0|0|0|0|0|0|0|0|0|0|0|0|0|0|0|0|0|0|0|0|0|0|1|1|1|1|1| Net Outputs: 0.709|0.012|0.014|0.012|0.985|0.011|
inputs: 115|192|0|0|0|0|0|0|0|0|0|0|0|0|0|0|0|0|0|0|0|0|0|0|0|0|0|0|0|0|0|0|1|1|1|1|1| Net Outputs: 0.709|0.012|0.014|0.012|0.985|0.011|
inputs: 117|192|0|0|0|0|0|0|0|0|0|0|0|0|0|0|0|0|0|0|0|0|0|0|0|0|0|0|0|0|0|0|1|1|1|1|1| Net Outputs: 0.709|0.012|0.014|0.012|0.985|0.011|
inputs: 118|192|0|0|0|0|0|0|0|0|0|0|0|0|0|0|0|0|0|0|0|0|0|0|0|0|0|0|0|0|0|0|1|1|1|1|1| Net Outputs: 0.709|0.012|0.014|0.012|0.985|0.011|
inputs: 120|192|0|0|0|0|0|0|0|0|0|0|0|0|0|0|0|0|0|0|0|0|0|0|0|0|0|0|0|0|0|0|1|1|1|1|1| Net Outputs: 0.709|0.012|0.014|0.012|0.985|0.011|
inputs: 121|192|0|0|0|0|0|0|0|0|0|0|0|0|0|0|0|0|0|0|0|0|0|0|0|0|0|0|0|0|0|0|1|1|1|1|1| Net Outputs: 0.709|0.012|0.014|0.012|0.985|0.011|
inputs: 123|192|0|0|0|0|0|0|0|0|0|0|0|0|0|0|0|0|0|0|0|0|0|0|0|0|0|0|0|0|0|0|1|1|1|1|1| Net Outputs: 0.709|0.012|0.014|0.012|0.985|0.011|
inputs: 124|192|0|0|0|0|0|0|0|0|0|0|0|0|0|0|0|0|0|0|0|0|0|0|0|0|0|0|0|0|0|0|1|1|1|1|1| Net Outputs: 0.709|0.012|0.014|0.012|0.985|0.011|
inputs: 126|192|0|0|0|0|0|0|0|0|0|0|0|0|0|0|0|0|0|0|0|0|0|0|0|0|0|0|0|0|0|0|1|1|1|1|1| Net Outputs: 0.709|0.012|0.014|0.012|0.985|0.011|
inputs: 127|192|0|0|0|0|0|0|0|0|0|0|0|0|0|0|0|0|0|0|0|0|0|0|0|0|0|0|0|0|0|0|1|1|1|1|1| Net Outputs: 0.709|0.012|0.014|0.012|0.985|0.011|
inputs: 129|192|0|0|0|0|0|0|0|0|0|0|0|0|0|0|0|0|0|0|0|0|0|0|0|0|0|0|0|0|0|0|1|1|1|1|1| Net Outputs: 0.709|0.012|0.014|0.012|0.985|0.011|
inputs: 130|192|0|0|0|0|0|0|0|0|0|0|0|0|0|0|0|0|0|0|0|0|0|0|0|0|0|0|0|0|0|0|1|1|1|1|1| Net Outputs: 0.709|0.012|0.014|0.012|0.985|0.011|
inputs: 132|192|0|0|0|0|0|0|0|0|0|0|0|0|0|0|0|0|0|0|0|0|0|0|0|0|0|0|0|0|0|0|1|1|1|1|1| Net Outputs: 0.709|0.012|0.014|0.012|0.985|0.011|
inputs: 133|192|0|0|0|0|0|0|0|0|0|0|0|0|0|0|0|0|0|0|0|0|0|0|0|0|0|0|0|0|0|0|1|1|1|1|1| Net Outputs: 0.709|0.012|0.014|0.012|0.985|0.011|
inputs: 135|192|0|0|0|0|0|0|0|0|0|0|0|0|0|0|0|0|0|0|0|0|0|0|0|0|0|0|0|0|0|0|1|1|1|1|1| Net Outputs: 0.709|0.012|0.014|0.012|0.985|0.011|
inputs: 136|192|0|0|0|0|0|0|0|0|0|0|0|0|0|0|0|0|0|0|0|0|0|0|0|0|0|0|0|0|0|0|1|1|1|1|1| Net Outputs: 0.709|0.012|0.014|0.012|0.985|0.011|
inputs: 138|192|0|0|0|0|0|0|0|0|0|0|0|0|0|0|0|0|0|0|0|0|0|0|0|0|0|0|0|0|0|0|1|1|1|1|1| Net Outputs: 0.709|0.012|0.014|0.012|0.985|0.011|
inputs: 139|192|0|0|0|0|0|0|0|0|0|0|0|0|0|0|0|0|0|0|0|0|0|0|0|0|0|0|0|0|0|0|1|1|1|1|1| Net Outputs: 0.709|0.012|0.014|0.012|0.985|0.011|
inputs: 141|192|0|0|0|0|0|0|0|0|0|0|0|0|0|0|0|0|0|0|0|0|0|0|0|0|0|0|0|0|0|0|1|1|1|1|1| Net Outputs: 0.709|0.012|0.014|0.012|0.985|0.011|
inputs: 142|192|0|0|0|0|0|0|0|0|0|0|0|0|0|0|0|0|0|0|0|0|0|0|0|0|0|0|0|0|0|0|1|1|1|1|1| Net Outputs: 0.709|0.012|0.014|0.012|0.985|0.011|
inputs: 144|192|0|0|0|0|0|0|0|0|0|0|0|0|0|0|0|0|0|0|0|0|0|0|0|0|0|0|0|0|0|0|1|1|1|1|1| Net Outputs: 0.709|0.012|0.014|0.012|0.985|0.011|
inputs: 145|192|0|0|0|0|0|0|0|0|0|0|0|0|0|0|0|0|0|0|0|0|0|0|0|0|0|0|0|0|0|0|1|1|1|1|1| Net Outputs: 0.709|0.012|0.014|0.012|0.985|0.011|
inputs: 147|192|0|0|0|0|0|0|0|0|0|0|0|0|0|0|0|0|0|0|0|0|0|0|0|0|0|0|0|0|0|0|1|1|1|1|1| Net Outputs: 0.709|0.012|0.014|0.012|0.985|0.011|
inputs: 148|192|0|0|0|0|0|0|0|0|0|0|0|0|0|0|0|0|0|0|0|0|0|0|0|0|0|0|0|0|0|0|1|1|1|1|1| Net Outputs: 0.709|0.012|0.014|0.012|0.985|0.011|
inputs: 150|192|0|0|0|0|0|0|0|0|0|0|0|0|0|0|0|0|0|0|0|0|0|0|0|0|0|0|0|0|0|0|1|1|1|1|1| Net Outputs: 0.709|0.012|0.014|0.012|0.985|0.011|
inputs: 151|192|0|0|0|0|0|0|0|0|0|0|0|0|0|0|0|0|0|0|0|0|0|0|0|0|0|0|0|0|0|0|1|1|1|1|1| Net Outputs: 0.709|0.012|0.014|0.012|0.985|0.011|
inputs: 153|192|0|0|0|0|0|0|0|0|0|0|0|0|0|0|0|0|0|0|0|0|0|0|0|0|0|0|0|0|0|0|1|1|1|1|1| Net Outputs: 0.709|0.012|0.014|0.012|0.985|0.011|
inputs: 154|192|352|192|0|0|0|0|0|0|0|0|0|0|0|0|0|0|0|0|0|0|0|0|0|0|0|0|0|0|0|0|1|1|1|1|1| Net Outputs: 0.057|0.006|0.005|0.006|0.995|0.006|
inputs: 156|192|351|192|0|0|0|0|0|0|0|0|0|0|0|0|0|0|0|0|0|0|0|0|0|0|0|0|0|0|0|0|1|1|1|1|1| Net Outputs: 0.057|0.006|0.005|0.006|0.995|0.006|
inputs: 157|192|351|192|0|0|0|0|0|0|0|0|0|0|0|0|0|0|0|0|0|0|0|0|0|0|0|0|0|0|0|0|1|1|1|1|1| Net Outputs: 0.057|0.006|0.005|0.006|0.995|0.006|
inputs: 159|192|350|192|0|0|0|0|0|0|0|0|0|0|0|0|0|0|0|0|0|0|0|0|0|0|0|0|0|0|0|0|1|1|1|1|1| Net Outputs: 0.057|0.006|0.005|0.006|0.995|0.006|
inputs: 160|192|350|192|0|0|0|0|0|0|0|0|0|0|0|0|0|0|0|0|0|0|0|0|0|0|0|0|0|0|0|0|1|1|1|1|1| Net Outputs: 0.057|0.006|0.005|0.006|0.995|0.006|
inputs: 162|192|349|192|0|0|0|0|0|0|0|0|0|0|0|0|0|0|0|0|0|0|0|0|0|0|0|0|0|0|0|0|1|1|1|1|1| Net Outputs: 0.057|0.006|0.005|0.006|0.995|0.006|
inputs: 163|192|349|192|0|0|0|0|0|0|0|0|0|0|0|0|0|0|0|0|0|0|0|0|0|0|0|0|0|0|0|0|1|1|1|1|1| Net Outputs: 0.057|0.006|0.005|0.006|0.995|0.006|
inputs: 165|192|348|192|0|0|0|0|0|0|0|0|0|0|0|0|0|0|0|0|0|0|0|0|0|0|0|0|0|0|0|0|1|1|1|1|1| Net Outputs: 0.057|0.006|0.005|0.006|0.995|0.006|
inputs: 166|192|348|192|0|0|0|0|0|0|0|0|0|0|0|0|0|0|0|0|0|0|0|0|0|0|0|0|0|0|0|0|1|1|1|1|1| Net Outputs: 0.057|0.006|0.005|0.006|0.995|0.006|
inputs: 168|192|347|192|0|0|0|0|0|0|0|0|0|0|0|0|0|0|0|0|0|0|0|0|0|0|0|0|0|0|0|0|1|1|1|1|1| Net Outputs: 0.057|0.006|0.005|0.006|0.995|0.006|
inputs: 169|192|347|192|0|0|0|0|0|0|0|0|0|0|0|0|0|0|0|0|0|0|0|0|0|0|0|0|0|0|0|0|1|1|1|1|1| Net Outputs: 0.057|0.006|0.005|0.006|0.995|0.006|
inputs: 171|192|346|192|0|0|0|0|0|0|0|0|0|0|0|0|0|0|0|0|0|0|0|0|0|0|0|0|0|0|0|0|1|1|1|1|1| Net Outputs: 0.057|0.006|0.005|0.006|0.995|0.006|
inputs: 172|192|346|192|0|0|0|0|0|0|0|0|0|0|0|0|0|0|0|0|0|0|0|0|0|0|0|0|0|0|0|0|1|1|1|1|1| Net Outputs: 0.057|0.006|0.005|0.006|0.995|0.006|
inputs: 174|192|345|192|0|0|0|0|0|0|0|0|0|0|0|0|0|0|0|0|0|0|0|0|0|0|0|0|0|0|0|0|1|1|1|1|1| Net Outputs: 0.057|0.006|0.005|0.006|0.995|0.006|
inputs: 175|192|345|192|0|0|0|0|0|0|0|0|0|0|0|0|0|0|0|0|0|0|0|0|0|0|0|0|0|0|0|0|1|1|1|1|1| Net Outputs: 0.057|0.006|0.005|0.006|0.995|0.006|
inputs: 177|192|344|192|0|0|0|0|0|0|0|0|0|0|0|0|0|0|0|0|0|0|0|0|0|0|0|0|0|0|0|0|1|1|1|1|1| Net Outputs: 0.057|0.006|0.005|0.006|0.995|0.006|
inputs: 178|192|344|192|0|0|0|0|0|0|0|0|0|0|0|0|0|0|0|0|0|0|0|0|0|0|0|0|0|0|0|0|1|1|1|1|1| Net Outputs: 0.057|0.006|0.005|0.006|0.995|0.006|
inputs: 180|192|343|192|0|0|0|0|0|0|0|0|0|0|0|0|0|0|0|0|0|0|0|0|0|0|0|0|0|0|0|0|1|1|1|1|1| Net Outputs: 0.057|0.006|0.005|0.006|0.995|0.006|
inputs: 181|192|343|192|0|0|0|0|0|0|0|0|0|0|0|0|0|0|0|0|0|0|0|0|0|0|0|0|0|0|0|0|1|1|1|1|1| Net Outputs: 0.057|0.006|0.005|0.006|0.995|0.006|
inputs: 183|192|342|192|0|0|0|0|0|0|0|0|0|0|0|0|0|0|0|0|0|0|0|0|0|0|0|0|0|0|0|0|1|1|1|1|1| Net Outputs: 0.057|0.006|0.005|0.006|0.995|0.006|
inputs: 184|192|342|192|0|0|0|0|0|0|0|0|0|0|0|0|0|0|0|0|0|0|0|0|0|0|0|0|0|0|0|0|1|1|1|1|1| Net Outputs: 0.057|0.006|0.005|0.006|0.995|0.006|
inputs: 186|192|341|192|0|0|0|0|0|0|0|0|0|0|0|0|0|0|0|0|0|0|0|0|0|0|0|0|0|0|0|0|1|1|1|1|1| Net Outputs: 0.057|0.006|0.005|0.006|0.995|0.006|
inputs: 187|192|341|192|0|0|0|0|0|0|0|0|0|0|0|0|0|0|0|0|0|0|0|0|0|0|0|0|0|0|0|0|1|1|1|1|1| Net Outputs: 0.057|0.006|0.005|0.006|0.995|0.006|
inputs: 189|192|340|192|0|0|0|0|0|0|0|0|0|0|0|0|0|0|0|0|0|0|0|0|0|0|0|0|0|0|0|0|1|1|1|1|1| Net Outputs: 0.057|0.006|0.005|0.006|0.995|0.006|
inputs: 190|192|340|192|0|0|0|0|0|0|0|0|0|0|0|0|0|0|0|0|0|0|0|0|0|0|0|0|0|0|0|0|1|1|1|1|1| Net Outputs: 0.057|0.006|0.005|0.006|0.995|0.006|
inputs: 192|192|339|192|0|0|0|0|0|0|0|0|0|0|0|0|0|0|0|0|0|0|0|0|0|0|0|0|0|0|0|0|1|1|1|1|1| Net Outputs: 0.057|0.006|0.005|0.006|0.995|0.006|
inputs: 193|192|339|192|0|0|0|0|0|0|0|0|0|0|0|0|0|0|0|0|0|0|0|0|0|0|0|0|0|0|0|0|1|1|1|1|1| Net Outputs: 0.057|0.006|0.005|0.006|0.995|0.006|
inputs: 195|192|338|192|0|0|0|0|0|0|0|0|0|0|0|0|0|0|0|0|0|0|0|0|0|0|0|0|0|0|0|0|1|1|1|1|1| Net Outputs: 0.057|0.006|0.005|0.006|0.995|0.006|
inputs: 196|192|338|192|0|0|0|0|0|0|0|0|0|0|0|0|0|0|0|0|0|0|0|0|0|0|0|0|0|0|0|0|1|1|1|1|1| Net Outputs: 0.057|0.006|0.005|0.006|0.995|0.006|
inputs: 198|192|337|192|0|0|0|0|0|0|0|0|0|0|0|0|0|0|0|0|0|0|0|0|0|0|0|0|0|0|0|0|1|1|1|1|1| Net Outputs: 0.057|0.006|0.005|0.006|0.995|0.006|
inputs: 199|192|337|192|0|0|0|0|0|0|0|0|0|0|0|0|0|0|0|0|0|0|0|0|0|0|0|0|0|0|0|0|1|1|1|1|1| Net Outputs: 0.057|0.006|0.005|0.006|0.995|0.006|
inputs: 201|192|336|192|0|0|0|0|0|0|0|0|0|0|0|0|0|0|0|0|0|0|0|0|0|0|0|0|0|0|0|0|1|1|1|1|1| Net Outputs: 0.057|0.006|0.005|0.006|0.995|0.006|
inputs: 202|192|336|192|0|0|0|0|0|0|0|0|0|0|0|0|0|0|0|0|0|0|0|0|0|0|0|0|0|0|0|0|1|1|1|1|1| Net Outputs: 0.057|0.006|0.005|0.006|0.995|0.006|
inputs: 204|192|335|192|0|0|0|0|0|0|0|0|0|0|0|0|0|0|0|0|0|0|0|0|0|0|0|0|0|0|0|0|1|1|1|1|1| Net Outputs: 0.057|0.006|0.005|0.006|0.995|0.006|
inputs: 205|192|335|192|0|0|0|0|0|0|0|0|0|0|0|0|0|0|0|0|0|0|0|0|0|0|0|0|0|0|0|0|1|1|1|1|1| Net Outputs: 0.057|0.006|0.005|0.006|0.995|0.006|
inputs: 207|192|334|192|0|0|0|0|0|0|0|0|0|0|0|0|0|0|0|0|0|0|0|0|0|0|0|0|0|0|0|0|1|1|1|1|1| Net Outputs: 0.057|0.006|0.005|0.006|0.995|0.006|
inputs: 208|192|334|192|0|0|0|0|0|0|0|0|0|0|0|0|0|0|0|0|0|0|0|0|0|0|0|0|0|0|0|0|1|1|1|1|1| Net Outputs: 0.057|0.006|0.005|0.006|0.995|0.006|
inputs: 210|192|333|192|0|0|0|0|0|0|0|0|0|0|0|0|0|0|0|0|0|0|0|0|0|0|0|0|0|0|0|0|1|1|1|1|1| Net Outputs: 0.057|0.006|0.005|0.006|0.995|0.006|
inputs: 211|192|333|192|0|0|0|0|0|0|0|0|0|0|0|0|0|0|0|0|0|0|0|0|0|0|0|0|0|0|0|0|1|1|1|1|1| Net Outputs: 0.057|0.006|0.005|0.006|0.995|0.006|
inputs: 213|192|332|192|0|0|0|0|0|0|0|0|0|0|0|0|0|0|0|0|0|0|0|0|0|0|0|0|0|0|0|0|1|1|1|1|1| Net Outputs: 0.057|0.006|0.005|0.006|0.995|0.006|
inputs: 214|192|332|192|0|0|0|0|0|0|0|0|0|0|0|0|0|0|0|0|0|0|0|0|0|0|0|0|0|0|0|0|1|1|1|1|1| Net Outputs: 0.057|0.006|0.005|0.006|0.995|0.006|
inputs: 216|192|331|192|0|0|0|0|0|0|0|0|0|0|0|0|1|0|0|0|0|0|0|0|0|0|0|0|0|0|0|0|1|1|1|1|1| Net Outputs: 0.057|0.006|0.005|0.006|0.995|0.006|
inputs: 217|192|331|192|0|0|0|0|0|0|0|0|0|0|0|0|1|0|0|0|0|0|0|0|0|0|0|0|0|0|0|0|1|1|1|1|1| Net Outputs: 0.057|0.006|0.005|0.006|0.995|0.006|
inputs: 219|192|330|192|0|0|0|0|0|0|0|0|0|0|0|0|1|0|0|0|0|0|0|0|0|0|0|0|0|0|0|0|1|1|1|1|1| Net Outputs: 0.057|0.006|0.005|0.006|0.995|0.006|
inputs: 220|192|330|192|0|0|0|0|0|0|0|0|0|0|0|0|1|0|0|0|0|0|0|0|0|0|0|0|0|0|0|0|1|1|1|1|1| Net Outputs: 0.057|0.006|0.005|0.006|0.995|0.006|
inputs: 222|192|329|192|0|0|0|0|0|0|0|0|0|0|0|0|1|0|0|0|0|0|0|0|0|0|0|0|0|0|0|0|1|1|1|1|1| Net Outputs: 0.057|0.006|0.005|0.006|0.995|0.006|
inputs: 223|192|329|192|0|0|0|0|0|0|0|0|0|0|0|0|1|0|0|0|0|0|0|0|0|0|0|0|0|0|0|0|1|1|1|1|1| Net Outputs: 0.057|0.006|0.005|0.006|0.995|0.006|
inputs: 225|192|328|192|0|0|0|0|0|0|0|0|0|0|0|0|1|0|0|0|0|0|0|0|0|0|0|0|0|0|0|0|1|1|1|1|1| Net Outputs: 0.057|0.006|0.005|0.006|0.995|0.006|
inputs: 226|192|328|192|0|0|0|0|0|0|0|0|0|0|0|0|1|0|0|0|0|0|0|0|0|0|0|0|0|0|0|0|1|1|1|1|1| Net Outputs: 0.057|0.006|0.005|0.006|0.995|0.006|
inputs: 228|192|327|192|0|0|0|0|0|0|0|0|0|0|0|0|1|0|0|0|0|0|0|0|0|0|0|0|0|0|0|0|1|1|1|1|1| Net Outputs: 0.057|0.006|0.005|0.006|0.995|0.006|
inputs: 229|192|327|192|0|0|0|0|0|0|0|0|0|0|0|0|1|0|0|0|0|0|0|0|0|0|0|0|0|0|0|0|1|1|1|1|1| Net Outputs: 0.057|0.006|0.005|0.006|0.995|0.006|
inputs: 231|192|326|192|0|0|0|0|0|0|0|0|0|0|0|0|1|0|0|0|0|0|0|0|0|0|0|0|0|0|0|0|1|1|1|1|1| Net Outputs: 0.057|0.006|0.005|0.006|0.995|0.006|
inputs: 232|192|326|192|0|0|0|0|0|0|0|0|0|0|0|1|0|0|0|0|0|0|0|0|0|0|0|0|0|0|0|0|1|1|1|1|1| Net Outputs: 0.057|0.006|0.005|0.006|0.995|0.006|
inputs: 234|192|325|192|0|0|0|0|0|0|0|0|0|0|0|1|0|0|0|0|0|0|0|0|0|0|0|0|0|0|0|0|1|1|1|1|1| Net Outputs: 0.057|0.006|0.005|0.006|0.995|0.006|
inputs: 235|192|325|192|0|0|0|0|0|0|0|0|0|0|0|1|0|0|0|0|0|0|0|0|0|0|0|0|0|0|0|0|1|1|1|1|1| Net Outputs: 0.057|0.006|0.005|0.006|0.995|0.006|
inputs: 237|192|324|192|0|0|0|0|0|0|0|0|0|0|0|1|0|0|0|0|0|0|0|0|0|0|0|0|0|0|0|0|1|1|1|1|1| Net Outputs: 0.057|0.006|0.005|0.006|0.995|0.006|
inputs: 238|192|324|192|0|0|0|0|0|0|0|0|0|0|0|1|0|0|0|0|0|0|0|0|0|0|0|0|0|0|0|0|1|1|1|1|1| Net Outputs: 0.057|0.006|0.005|0.006|0.995|0.006|
inputs: 240|192|323|192|0|0|0|0|0|0|0|0|0|0|0|1|0|0|0|0|0|0|0|0|0|0|0|0|0|0|0|0|1|1|1|1|1| Net Outputs: 0.057|0.006|0.005|0.006|0.995|0.006|
inputs: 241|192|323|192|0|0|0|0|0|0|0|0|0|0|0|1|0|0|0|0|0|0|0|0|0|0|0|0|0|0|0|0|1|1|1|1|1| Net Outputs: 0.057|0.006|0.005|0.006|0.995|0.006|
inputs: 243|192|322|192|0|0|0|0|0|0|0|0|0|0|0|1|0|0|0|0|0|0|0|0|0|0|0|0|0|0|0|0|1|1|1|1|1| Net Outputs: 0.057|0.006|0.005|0.006|0.995|0.006|
inputs: 244|192|322|192|0|0|0|0|0|0|0|0|0|0|0|1|0|0|0|0|0|0|0|0|0|0|0|0|0|0|0|0|1|1|1|1|1| Net Outputs: 0.057|0.006|0.005|0.006|0.995|0.006|
inputs: 246|192|321|192|0|0|0|0|0|0|0|0|0|0|0|1|0|0|0|0|0|0|0|0|0|0|0|0|0|0|0|0|1|1|1|1|1| Net Outputs: 0.057|0.006|0.005|0.006|0.995|0.006|
inputs: 247|192|321|192|0|0|0|0|0|0|0|0|0|0|0|1|0|0|0|0|0|0|0|0|0|0|0|0|0|0|0|0|1|1|1|1|1| Net Outputs: 0.057|0.006|0.005|0.006|0.995|0.006|
inputs: 249|192|320|192|0|0|0|0|0|0|0|0|0|0|1|0|0|0|0|0|0|0|0|0|0|0|0|0|0|0|0|0|1|1|1|1|1| Net Outputs: 0.057|0.006|0.005|0.006|0.995|0.006|
inputs: 250|192|320|192|0|0|0|0|0|0|0|0|0|0|1|0|0|0|0|0|0|0|0|0|0|0|0|0|0|0|0|0|1|1|1|1|1| Net Outputs: 0.057|0.006|0.005|0.006|0.995|0.006|
inputs: 252|192|319|192|0|0|0|0|0|0|0|0|0|0|1|0|0|0|0|0|0|0|0|0|0|0|0|0|0|0|0|0|1|1|1|1|1| Net Outputs: 0.057|0.006|0.005|0.006|0.995|0.006|
inputs: 253|192|319|192|0|0|0|0|0|0|0|0|0|0|1|0|0|0|0|0|0|0|0|0|0|0|0|0|0|0|0|0|1|1|1|1|1| Net Outputs: 0.057|0.006|0.005|0.006|0.995|0.006|
inputs: 255|192|318|192|0|0|0|0|0|0|0|0|0|0|1|0|0|0|0|0|0|0|0|0|0|0|0|0|0|0|0|0|1|1|1|1|1| Net Outputs: 0.057|0.006|0.005|0.006|0.995|0.006|
inputs: 256|192|318|192|0|0|0|0|0|0|0|0|0|0|1|0|0|0|0|0|0|0|0|0|0|0|0|0|0|0|0|0|1|1|1|1|1| Net Outputs: 0.057|0.006|0.005|0.006|0.995|0.006|
inputs: 258|192|317|192|0|0|0|0|0|0|0|0|0|0|1|0|0|0|0|0|0|0|0|0|0|0|0|0|0|0|0|0|1|1|1|1|1| Net Outputs: 0.057|0.006|0.005|0.006|0.995|0.006|
inputs: 259|192|317|192|0|0|0|0|0|0|0|0|0|0|1|0|0|0|0|0|0|0|0|0|0|0|0|0|0|0|0|0|1|1|1|1|1| Net Outputs: 0.057|0.006|0.005|0.006|0.995|0.006|
inputs: 261|192|316|192|0|0|0|0|0|0|0|0|0|0|1|0|0|0|0|0|0|0|0|0|0|0|0|0|0|0|0|0|1|1|1|1|1| Net Outputs: 0.057|0.006|0.005|0.006|0.995|0.006|
inputs: 262|192|316|192|0|0|0|0|0|0|0|0|0|0|1|0|0|0|0|0|0|0|0|0|0|0|0|0|0|0|0|0|1|1|1|1|1| Net Outputs: 0.057|0.006|0.005|0.006|0.995|0.006|
inputs: 264|192|315|192|0|0|0|0|0|0|0|0|0|1|0|0|0|0|0|0|0|0|0|0|0|0|0|0|0|0|0|0|1|1|1|1|1| Net Outputs: 0.057|0.006|0.005|0.006|0.995|0.006|
inputs: 265|192|315|192|0|0|0|0|0|0|0|0|0|1|0|0|0|0|0|0|0|0|0|0|0|0|0|0|0|0|0|0|1|1|1|1|1| Net Outputs: 0.057|0.006|0.005|0.006|0.995|0.006|
inputs: 267|192|314|192|0|0|0|0|0|0|0|0|0|1|0|0|0|0|0|0|0|0|0|0|0|0|0|0|0|0|0|0|1|1|1|1|1| Net Outputs: 0.057|0.006|0.005|0.006|0.995|0.006|
inputs: 268|192|314|192|0|0|0|0|0|0|0|0|0|1|0|0|0|0|0|0|0|0|0|0|0|0|0|0|0|0|0|0|1|1|1|1|1| Net Outputs: 0.057|0.006|0.005|0.006|0.995|0.006|
inputs: 270|192|313|192|0|0|0|0|0|0|0|0|0|1|0|0|0|0|0|0|0|0|0|0|0|0|0|0|0|0|0|0|1|1|1|1|1| Net Outputs: 0.057|0.006|0.005|0.006|0.995|0.006|
inputs: 271|192|313|192|0|0|0|0|0|0|0|0|0|1|0|0|0|0|0|0|0|0|0|0|0|0|0|0|0|0|0|0|1|1|1|1|1| Net Outputs: 0.057|0.006|0.005|0.006|0.995|0.006|
inputs: 273|192|312|192|0|0|0|0|0|0|0|0|0|1|0|0|0|0|0|0|0|0|0|0|0|0|0|0|0|0|0|0|1|1|1|1|1| Net Outputs: 0.057|0.006|0.005|0.006|0.995|0.006|
inputs: 274|192|312|192|0|0|0|0|0|0|0|0|0|1|0|0|0|0|0|0|0|0|0|0|0|0|0|0|0|0|0|0|1|1|1|1|1| Net Outputs: 0.057|0.006|0.005|0.006|0.995|0.006|
inputs: 276|192|311|192|0|0|0|0|0|0|0|0|0|1|0|0|0|0|0|0|0|0|0|0|0|0|0|0|0|0|0|0|1|1|1|1|1| Net Outputs: 0.057|0.006|0.005|0.006|0.995|0.006|
inputs: 277|192|311|192|0|0|0|0|0|0|0|0|0|1|0|0|0|0|0|0|0|0|0|0|0|0|0|0|0|0|0|0|1|1|1|1|1| Net Outputs: 0.057|0.006|0.005|0.006|0.995|0.006|
inputs: 279|192|310|192|0|0|0|0|0|0|0|0|0|1|0|0|0|0|0|0|0|0|0|0|0|0|0|0|0|0|0|0|1|1|1|1|1| Net Outputs: 0.057|0.006|0.005|0.006|0.995|0.006|
inputs: 280|192|310|192|0|0|0|0|0|0|0|0|1|0|0|0|1|0|0|0|0|0|0|0|0|0|0|0|0|0|0|0|1|1|1|1|1| Net Outputs: 0.057|0.006|0.005|0.006|0.995|0.006|
inputs: 282|192|309|192|0|0|0|0|0|0|0|0|1|0|0|0|1|0|0|0|0|0|0|0|0|0|0|0|0|0|0|0|1|1|1|1|1| Net Outputs: 0.057|0.006|0.005|0.006|0.995|0.006|
inputs: 283|192|309|192|0|0|0|0|0|0|0|0|1|0|0|0|1|0|0|0|0|0|0|0|0|0|0|0|0|0|0|0|1|1|1|1|1| Net Outputs: 0.057|0.006|0.005|0.006|0.995|0.006|
inputs: 285|192|308|192|0|0|0|0|0|0|0|0|1|0|0|0|1|0|0|0|0|0|0|0|0|0|0|0|0|0|0|0|1|1|1|1|1| Net Outputs: 0.057|0.006|0.005|0.006|0.995|0.006|
inputs: 286|192|308|192|0|0|0|0|0|0|0|0|1|0|0|0|1|0|0|0|0|0|0|0|0|0|0|0|0|0|0|0|1|1|1|1|1| Net Outputs: 0.057|0.006|0.005|0.006|0.995|0.006|
inputs: 288|192|307|192|0|0|0|0|0|0|0|0|1|0|0|0|1|0|0|0|0|0|0|0|0|0|0|0|0|0|0|0|1|1|1|1|1| Net Outputs: 0.057|0.006|0.005|0.006|0.995|0.006|
inputs: 289|192|307|192|0|0|0|0|0|0|0|0|1|0|0|0|1|0|0|0|0|0|0|0|0|0|0|0|0|0|0|0|1|1|1|1|1| Net Outputs: 0.057|0.006|0.005|0.006|0.995|0.006|
inputs: 291|192|306|192|0|0|0|0|0|0|0|0|1|0|0|0|1|0|0|0|0|0|0|0|0|0|0|0|0|0|0|0|1|1|1|1|1| Net Outputs: 0.057|0.006|0.005|0.006|0.995|0.006|
inputs: 292|192|306|192|0|0|0|0|0|0|0|0|1|0|0|0|1|0|0|0|0|0|0|0|0|0|0|0|0|0|0|0|1|1|1|1|1| Net Outputs: 0.057|0.006|0.005|0.006|0.995|0.006|
inputs: 294|192|305|192|0|0|0|0|0|0|0|0|1|0|0|0|1|0|0|0|0|0|0|0|0|0|0|0|0|0|0|0|1|1|1|1|1| Net Outputs: 0.057|0.006|0.005|0.006|0.995|0.006|
inputs: 295|192|305|192|0|0|0|0|0|0|0|0|1|0|0|0|1|0|0|0|0|0|0|0|0|0|0|0|0|0|0|0|1|1|1|1|1| Net Outputs: 0.057|0.006|0.005|0.006|0.995|0.006|
inputs: 295|192|305|192|0|0|0|0|0|0|0|0|1|0|0|0|1|0|0|0|0|0|0|0|0|0|0|0|0|0|0|0|1|1|1|1|1| Net Outputs: 0.057|0.006|0.005|0.006|0.995|0.006|
inputs: 295|192|305|192|0|0|0|0|0|0|0|0|1|0|0|0|1|0|0|0|0|0|0|0|0|0|0|0|0|0|0|0|1|1|1|1|1| Net Outputs: 0.057|0.006|0.005|0.006|0.995|0.006|
inputs: 295|192|305|192|0|0|0|0|0|0|0|0|1|0|0|0|1|0|0|0|0|0|0|0|0|0|0|0|0|0|0|0|1|1|1|1|1| Net Outputs: 0.057|0.006|0.005|0.006|0.995|0.006|
inputs: 295|192|305|192|0|0|0|0|0|0|0|0|1|0|0|0|1|0|0|0|0|0|0|0|0|0|0|0|0|0|0|0|1|1|1|1|1| Net Outputs: 0.057|0.006|0.005|0.006|0.995|0.006|
inputs: 295|192|305|192|0|0|0|0|0|0|0|0|1|0|0|0|1|0|0|0|0|0|0|0|0|0|0|0|0|0|0|0|1|1|1|1|1| Net Outputs: 0.057|0.006|0.005|0.006|0.995|0.006|
inputs: 295|192|305|192|0|0|0|0|0|0|0|0|1|0|0|0|1|0|0|0|0|0|0|0|0|0|0|0|0|0|0|0|1|1|1|1|1| Net Outputs: 0.057|0.006|0.005|0.006|0.995|0.006|
inputs: 295|192|305|192|0|0|0|0|0|0|0|0|1|0|0|0|1|0|0|0|0|0|0|0|0|0|0|0|0|0|0|0|1|1|1|1|1| Net Outputs: 0.057|0.006|0.005|0.006|0.995|0.006|
inputs: 295|192|305|192|0|0|0|0|0|0|0|0|1|0|0|0|1|0|0|0|0|0|0|0|0|0|0|0|0|0|0|0|1|1|1|1|1| Net Outputs: 0.057|0.006|0.005|0.006|0.995|0.006|
inputs: 295|192|305|192|0|0|0|0|0|0|0|0|1|0|0|0|1|0|0|0|0|0|0|0|0|0|0|0|0|0|0|0|1|1|1|1|1| Net Outputs: 0.057|0.006|0.005|0.006|0.995|0.006|
inputs: 295|192|305|192|0|0|0|0|0|0|0|0|1|0|0|0|1|0|0|0|0|0|0|0|0|0|0|0|0|0|0|0|1|1|1|1|1| Net Outputs: 0.057|0.006|0.005|0.006|0.995|0.006|
inputs: 295|192|305|192|0|0|0|0|0|0|0|0|1|0|0|0|1|0|0|0|0|0|0|0|0|0|0|0|0|0|0|0|1|1|1|1|1| Net Outputs: 0.057|0.006|0.005|0.006|0.995|0.006|
inputs: 295|192|305|192|0|0|0|0|0|0|0|0|1|0|0|0|1|0|0|0|0|0|0|0|0|0|0|0|0|0|0|0|1|1|1|1|1| Net Outputs: 0.057|0.006|0.005|0.006|0.995|0.006|
inputs: 295|192|305|192|0|0|0|0|0|0|0|0|1|0|0|0|1|0|0|0|0|0|0|0|0|0|0|0|0|0|0|0|1|1|1|1|1| Net Outputs: 0.057|0.006|0.005|0.006|0.995|0.006|
inputs: 295|192|305|192|0|0|0|0|0|0|0|0|1|0|0|0|1|0|0|0|0|0|0|0|0|0|0|0|0|0|0|0|1|1|1|1|1| Net Outputs: 0.057|0.006|0.005|0.006|0.995|0.006|
inputs: 295|192|305|192|0|0|0|0|0|0|0|0|1|0|0|0|1|0|0|0|0|0|0|0|0|0|0|0|0|0|0|0|1|1|1|1|1| Net Outputs: 0.057|0.006|0.005|0.006|0.995|0.006|
inputs: 295|188|305|192|0|0|0|0|0|0|0|0|0|0|0|0|0|1|0|0|0|1|0|0|0|0|0|0|0|0|0|0|0|0|0|0|0| Net Outputs: 0.057|0.006|0.005|0.006|0.995|0.006|
inputs: 295|184|305|192|0|0|0|0|0|0|0|0|0|0|0|0|0|1|0|0|0|1|0|0|0|0|0|0|0|0|0|0|0|0|0|0|0| Net Outputs: 0.057|0.006|0.005|0.006|0.995|0.006|
inputs: 295|180|305|192|0|0|0|0|0|0|0|0|0|0|0|0|0|1|0|0|0|1|0|0|0|0|0|0|0|0|0|0|0|0|0|0|0| Net Outputs: 0.057|0.006|0.005|0.006|0.995|0.006|
inputs: 295|177|305|192|0|0|0|0|0|0|0|0|0|0|0|0|0|1|0|0|0|1|0|0|0|0|0|0|0|0|0|0|0|0|0|0|0| Net Outputs: 0.057|0.006|0.005|0.006|0.995|0.006|
inputs: 295|173|305|192|0|0|0|0|0|0|0|0|0|0|0|0|0|0|0|0|0|0|1|0|0|0|1|0|0|0|0|0|0|0|0|0|0| Net Outputs: 0.057|0.006|0.005|0.006|0.995|0.006|
inputs: 295|170|305|192|0|0|0|0|0|0|0|0|0|0|0|0|0|0|0|0|0|0|1|0|0|0|1|0|0|0|0|0|0|0|0|0|0| Net Outputs: 0.057|0.006|0.005|0.006|0.995|0.006|
inputs: 295|167|305|192|0|0|0|0|0|0|0|0|0|0|0|0|0|0|0|0|0|0|1|0|0|0|1|0|0|0|0|0|0|0|0|0|0| Net Outputs: 0.057|0.006|0.005|0.006|0.995|0.006|
